% row col detect T_log_code
8 8 0 2622
8 9 0 2544
8 10 0 2507
8 11 0 2552
8 12 0 2553
8 13 0 2547
8 14 0 2534
8 15 0 2462
8 16 0 2596
8 17 0 2572
8 18 0 2444
8 19 0 2470
8 20 0 2471
8 21 0 2386
8 22 0 2439
8 23 0 2470
8 24 0 2387
8 25 0 2333
8 26 0 2315
8 27 0 2345
8 28 0 2459
8 29 0 2388
8 30 0 2381
8 31 0 2495
8 32 0 2483
8 33 0 2375
8 34 0 2430
8 35 0 2484
8 36 0 2469
8 37 0 2448
8 38 0 2436
8 39 0 2511
9 8 0 2684
9 9 0 2615
9 10 0 2571
9 11 0 2610
9 12 0 2600
9 13 0 2596
9 14 0 2613
9 15 0 2558
9 16 0 2663
9 17 0 2572
9 18 0 2451
9 19 0 2485
9 20 0 2490
9 21 0 2426
9 22 0 2479
9 23 0 2516
9 24 0 2437
9 25 0 2382
9 26 0 2366
9 27 0 2403
9 28 0 2402
9 29 0 2343
9 30 0 2346
9 31 0 2466
9 32 0 2538
9 33 0 2438
9 34 0 2480
9 35 0 2528
9 36 0 2511
9 37 0 2485
9 38 0 2475
9 39 0 2537
10 8 0 2789
10 9 0 2724
10 10 0 2677
10 11 0 2653
10 12 0 2638
10 13 0 2635
10 14 0 2642
10 15 0 2592
10 16 0 2695
10 17 0 2604
10 18 0 2479
10 19 0 2512
10 20 0 2505
10 21 0 2445
10 22 0 2509
10 23 0 2549
10 24 0 2478
10 25 0 2454
10 26 0 2437
10 27 0 2550
10 28 0 2537
10 29 0 2531
10 30 0 2511
10 31 0 2589
10 32 0 2629
10 33 0 2546
10 34 0 2580
10 35 0 2617
10 36 0 2626
10 37 0 2600
10 38 0 2562
10 39 0 2607
11 8 0 2771
11 9 0 2777
11 10 0 2733
11 11 0 2711
11 12 0 2701
11 13 0 2692
11 14 0 2699
11 15 0 2711
11 16 0 2773
11 17 0 2676
11 18 0 2573
11 19 0 2565
11 20 0 2555
11 21 0 2509
11 22 0 2575
11 23 0 2614
11 24 0 2574
11 25 0 2574
11 26 0 2480
11 27 0 2585
11 28 0 2584
11 29 0 2582
11 30 0 2582
11 31 0 2665
11 32 0 2720
11 33 0 2648
11 34 0 2609
11 35 0 2637
11 36 0 2644
11 37 0 2603
11 38 0 2556
11 39 0 2588
12 8 0 2628
12 9 0 2657
12 10 0 2618
12 11 0 2601
12 12 0 2605
12 13 0 2660
12 14 0 2664
12 15 0 2666
12 16 0 2728
12 17 0 2634
12 18 0 2517
12 19 0 2509
12 20 0 2504
12 21 0 2475
12 22 0 2563
12 23 0 2596
12 24 0 2549
12 25 0 2544
12 26 0 2459
12 27 0 2545
12 28 0 2537
12 29 0 2414
12 30 0 2393
12 31 0 2551
12 32 0 2631
12 33 0 2544
12 34 0 2448
12 35 0 2485
12 36 0 2496
12 37 0 2475
12 38 0 2435
12 39 0 2482
13 8 0 2636
13 9 0 2678
13 10 0 2647
13 11 0 2535
13 12 0 2543
13 13 0 2606
13 14 0 2618
13 15 0 2645
13 16 0 2634
13 17 0 2558
13 18 0 2437
13 19 0 2422
13 20 0 2413
13 21 0 2374
13 22 0 2451
13 23 0 2481
13 24 0 2500
13 25 0 2492
13 26 0 2383
13 27 0 2456
13 28 0 2443
13 29 0 2368
13 30 0 2361
13 31 0 2488
13 32 0 2515
13 33 0 2428
13 34 0 2327
13 35 0 2371
13 36 0 2404
13 37 0 2397
13 38 0 2342
13 39 0 2411
14 8 0 2633
14 9 0 2695
14 10 0 2671
14 11 0 2550
14 12 0 2566
14 13 0 2626
14 14 0 2643
14 15 0 2671
14 16 0 2659
14 17 0 2592
14 18 0 2474
14 19 0 2454
14 20 0 2435
14 21 0 2394
14 22 0 2471
14 23 0 2506
14 24 0 2546
14 25 0 2534
14 26 0 2430
14 27 0 2491
14 28 0 2476
14 29 0 2414
14 30 0 2401
14 31 0 2508
14 32 0 2532
14 33 0 2420
14 34 0 2320
14 35 0 2363
14 36 0 2461
14 37 0 2481
14 38 0 2429
14 39 0 2487
15 8 0 2599
15 9 0 2671
15 10 0 2641
15 11 0 2472
15 12 0 2529
15 13 0 2565
15 14 0 2657
15 15 0 2674
15 16 0 2656
15 17 0 2578
15 18 0 2459
15 19 0 2429
15 20 0 2411
15 21 0 2375
15 22 0 2457
15 23 0 2503
15 24 0 2565
15 25 0 2554
15 26 0 2471
15 27 0 2536
15 28 0 2521
15 29 0 2394
15 30 0 2413
15 31 0 2531
15 32 0 2576
15 33 0 2465
15 34 0 2359
15 35 0 2386
15 36 0 2479
15 37 0 2487
15 38 0 2429
15 39 0 2476
16 8 0 2702
16 9 0 2770
16 10 0 2733
16 11 0 2559
16 12 0 2586
16 13 0 2622
16 14 0 2703
16 15 0 2710
16 16 0 2693
16 17 0 2619
16 18 0 2509
16 19 0 2383
16 20 0 2359
16 21 0 2329
16 22 0 2434
16 23 0 2502
16 24 0 2590
16 25 0 2584
16 26 0 2486
16 27 0 2557
16 28 0 2540
16 29 0 2405
16 30 0 2421
16 31 0 2541
16 32 0 2596
16 33 0 2491
16 34 0 2364
16 35 0 2379
16 36 0 2483
16 37 0 2524
16 38 0 2442
16 39 0 2484
17 8 0 2826
17 9 0 2866
17 10 0 2837
17 11 0 2703
17 12 0 2710
17 13 0 2628
17 14 0 2675
17 15 0 2698
17 16 0 2678
17 17 0 2604
17 18 0 2640
17 19 0 2525
17 20 0 2523
17 21 0 2506
17 22 0 2584
17 23 0 2643
17 24 0 2728
17 25 0 2724
17 26 0 2650
17 27 0 2730
17 28 0 2705
17 29 0 2600
17 30 0 2607
17 31 0 2628
17 32 0 2659
17 33 0 2556
17 34 0 2435
17 35 0 2337
17 36 0 2448
17 37 0 2499
17 38 0 2427
17 39 0 2473
18 8 0 2808
18 9 0 2850
18 10 0 2810
18 11 0 2679
18 12 0 2680
18 13 0 2603
18 14 0 2660
18 15 0 2683
18 16 0 2662
18 17 0 2664
18 18 0 2679
18 19 0 2576
18 20 0 2510
18 21 0 2505
18 22 0 2593
18 23 0 2656
18 24 0 2734
18 25 0 2726
18 26 0 2639
18 27 0 2717
18 28 0 2695
18 29 0 2590
18 30 0 2586
18 31 0 2599
18 32 0 2636
18 33 0 2541
18 34 0 2413
18 35 0 2291
18 36 0 2416
18 37 0 2486
18 38 0 2429
18 39 0 2471
19 8 0 2668
19 9 0 2730
19 10 0 2687
19 11 0 2640
19 12 0 2653
19 13 0 2543
19 14 0 2606
19 15 0 2695
19 16 0 2587
19 17 0 2566
19 18 0 2605
19 19 0 2492
19 20 0 2294
19 21 0 2309
19 22 0 2421
19 23 0 2479
19 24 0 2571
19 25 0 2559
19 26 0 2438
19 27 0 2539
19 28 0 2509
19 29 0 2364
19 30 0 2370
19 31 0 2383
19 32 0 2445
19 33 0 2487
19 34 0 2371
19 35 0 2271
19 36 0 2398
19 37 0 2474
19 38 0 2421
19 39 0 2459
20 8 0 2578
20 9 0 2686
20 10 0 2647
20 11 0 2607
20 12 0 2638
20 13 0 2511
20 14 0 2594
20 15 0 2705
20 16 0 2582
20 17 0 2565
20 18 0 2693
20 19 0 2574
20 20 0 2370
20 21 0 2394
20 22 0 2489
20 23 0 2538
20 24 0 2623
20 25 0 2578
20 26 0 2431
20 27 0 2507
20 28 0 2480
20 29 0 2339
20 30 0 2343
20 31 0 2358
20 32 0 2404
20 33 0 2430
20 34 0 2307
20 35 0 2235
20 36 0 2369
20 37 0 2435
20 38 0 2393
20 39 0 2337
21 8 0 2597
21 9 0 2702
21 10 0 2685
21 11 0 2651
21 12 0 2655
21 13 0 2623
21 14 0 2681
21 15 0 2753
21 16 0 2646
21 17 0 2636
21 18 0 2752
21 19 0 2669
21 20 0 2540
21 21 0 2551
21 22 0 2608
21 23 0 2639
21 24 0 2705
21 25 0 2670
21 26 0 2546
21 27 0 2609
21 28 0 2583
21 29 0 2469
21 30 0 2374
21 31 0 2383
21 32 0 2435
21 33 0 2466
21 34 0 2357
21 35 0 2289
21 36 0 2406
21 37 0 2469
21 38 0 2435
21 39 0 2376
22 8 0 2562
22 9 0 2685
22 10 0 2662
22 11 0 2623
22 12 0 2618
22 13 0 2599
22 14 0 2663
22 15 0 2737
22 16 0 2627
22 17 0 2606
22 18 0 2710
22 19 0 2622
22 20 0 2506
22 21 0 2523
22 22 0 2564
22 23 0 2599
22 24 0 2752
22 25 0 2732
22 26 0 2632
22 27 0 2703
22 28 0 2685
22 29 0 2588
22 30 0 2508
22 31 0 2516
22 32 0 2565
22 33 0 2584
22 34 0 2486
22 35 0 2407
22 36 0 2513
22 37 0 2567
22 38 0 2534
22 39 0 2514
23 8 0 2456
23 9 0 2616
23 10 0 2591
23 11 0 2561
23 12 0 2587
23 13 0 2568
23 14 0 2651
23 15 0 2668
23 16 0 2528
23 17 0 2509
23 18 0 2674
23 19 0 2565
23 20 0 2399
23 21 0 2408
23 22 0 2437
23 23 0 2471
23 24 0 2707
23 25 0 2695
23 26 0 2564
23 27 0 2655
23 28 0 2695
23 29 0 2589
23 30 0 2522
23 31 0 2525
23 32 0 2567
23 33 0 2592
23 34 0 2507
23 35 0 2448
23 36 0 2554
23 37 0 2593
23 38 0 2555
23 39 0 2543
24 8 0 2588
24 9 0 2743
24 10 0 2725
24 11 0 2684
24 12 0 2707
24 13 0 2695
24 14 0 2756
24 15 0 2704
24 16 0 2575
24 17 0 2571
24 18 0 2741
24 19 0 2646
24 20 0 2482
24 21 0 2474
24 22 0 2489
24 23 0 2517
24 24 0 2750
24 25 0 2746
24 26 0 2495
24 27 0 2629
24 28 0 2679
24 29 0 2539
24 30 0 2449
24 31 0 2451
24 32 0 2503
24 33 0 2536
24 34 0 2526
24 35 0 2481
24 36 0 2594
24 37 0 2632
24 38 0 2583
24 39 0 2636
25 8 0 2671
25 9 0 2830
25 10 0 2803
25 11 0 2773
25 12 0 2789
25 13 0 2778
25 14 0 2840
25 15 0 2772
25 16 0 2637
25 17 0 2619
25 18 0 2767
25 19 0 2678
25 20 0 2538
25 21 0 2536
25 22 0 2531
25 23 0 2642
25 24 0 2829
25 25 0 2832
25 26 0 2617
25 27 0 2701
25 28 0 2729
25 29 0 2686
25 30 0 2613
25 31 0 2638
25 32 0 2677
25 33 0 2699
25 34 0 2698
25 35 0 2688
25 36 0 2786
25 37 0 2811
25 38 0 2766
25 39 0 2805
26 8 0 2701
26 9 0 2846
26 10 0 2885
26 11 0 2900
26 12 0 2893
26 13 0 2920
26 14 0 2916
26 15 0 2852
26 16 0 2761
26 17 0 2785
26 18 0 2867
26 19 0 2801
26 20 0 2718
26 21 0 2721
26 22 0 2721
26 23 0 2797
26 24 0 2900
26 25 0 2904
26 26 0 2747
26 27 0 2743
26 28 0 2783
26 29 0 2733
26 30 0 2625
26 31 0 2665
26 32 0 2666
26 33 0 2706
26 34 0 2706
26 35 0 2679
26 36 0 2774
26 37 0 2800
26 38 0 2751
26 39 0 2782
27 8 0 2857
27 9 0 2997
27 10 0 3038
27 11 0 3117
27 12 0 3113
27 13 0 3148
27 14 0 3153
27 15 0 3107
27 16 0 3002
27 17 0 3022
27 18 0 3107
27 19 0 3049
27 20 0 2965
27 21 0 2957
27 22 0 2940
27 23 0 2994
27 24 0 3070
27 25 0 3002
27 26 0 2804
27 27 0 2726
27 28 0 2716
27 29 0 2668
27 30 0 2512
27 31 0 2553
27 32 0 2532
27 33 0 2576
27 34 0 2569
27 35 0 2497
27 36 0 2603
27 37 0 2632
27 38 0 2656
27 39 0 2706
28 8 0 2976
28 9 0 3039
28 10 0 3080
28 11 0 3186
28 12 0 3206
28 13 0 3254
28 14 0 3185
28 15 0 3074
28 16 0 2949
28 17 0 3007
28 18 0 3123
28 19 0 3029
28 20 0 2878
28 21 0 2847
28 22 0 2798
28 23 0 2850
28 24 0 2928
28 25 0 2902
28 26 0 2742
28 27 0 2710
28 28 0 2748
28 29 0 2710
28 30 0 2523
28 31 0 2567
28 32 0 2539
28 33 0 2581
28 34 0 2561
28 35 0 2490
28 36 0 2587
28 37 0 2633
28 38 0 2663
28 39 0 2720
29 8 0 2866
29 9 0 2914
29 10 0 2946
29 11 0 3055
29 12 0 3109
29 13 0 3105
29 14 0 3039
29 15 0 2923
29 16 0 2765
29 17 0 2828
29 18 0 2981
29 19 0 2896
29 20 0 2742
29 21 0 2727
29 22 0 2687
29 23 0 2761
29 24 0 2862
29 25 0 2843
29 26 0 2759
29 27 0 2716
29 28 0 2766
29 29 0 2725
29 30 0 2571
29 31 0 2588
29 32 0 2558
29 33 0 2608
29 34 0 2607
29 35 0 2533
29 36 0 2616
29 37 0 2647
29 38 0 2706
29 39 0 2754
30 8 0 2711
30 9 0 2753
30 10 0 2765
30 11 0 2896
30 12 0 2974
30 13 0 2971
30 14 0 2931
30 15 0 2757
30 16 0 2707
30 17 0 2790
30 18 0 2950
30 19 0 2896
30 20 0 2759
30 21 0 2760
30 22 0 2710
30 23 0 2758
30 24 0 2847
30 25 0 2817
30 26 0 2747
30 27 0 2685
30 28 0 2768
30 29 0 2687
30 30 0 2493
30 31 0 2521
30 32 0 2527
30 33 0 2574
30 34 0 2577
30 35 0 2487
30 36 0 2566
30 37 0 2588
30 38 0 2668
30 39 0 2737
31 8 0 2966
31 9 0 2996
31 10 0 3014
31 11 0 3116
31 12 0 3179
31 13 0 3171
31 14 0 3100
31 15 0 2950
31 16 0 2910
31 17 0 2906
31 18 0 3064
31 19 0 2989
31 20 0 2831
31 21 0 2812
31 22 0 2745
31 23 0 2784
31 24 0 2857
31 25 0 2840
31 26 0 2774
31 27 0 2734
31 28 0 2816
31 29 0 2724
31 30 0 2518
31 31 0 2542
31 32 0 2531
31 33 0 2576
31 34 0 2589
31 35 0 2498
31 36 0 2515
31 37 0 2502
31 38 0 2592
31 39 0 2677
