% c2_code pfa_sel(0idx) delta_code
1350278 0 2278
1252354 1 2440
1847946 2 3206
1527655 3 3088
1516633 0 2411
1591946 1 2748
1466002 2 2857
2373263 3 3848
2675742 0 3201
2357644 1 3353
2237267 2 3521
2099509 3 3616
2102797 0 2841
2258083 1 3278
2232108 2 3521
2283292 3 3773
2127613 0 2857
2499141 1 3450
2887636 2 4000
1955156 3 3494
2069965 0 2818
2078371 1 3141
3070892 2 4126
3513569 3 4679
3403200 0 3611
3007209 1 3785
3278257 2 4264
3223089 3 4481
2742012 0 3242
2808783 1 3652
2958583 2 4048
2933839 3 4275
3167659 0 3480
3470827 1 4066
3029631 2 4103
2709478 3 4112
3000895 0 3390
2514565 1 3458
2525748 2 3743
2950144 3 4292
2621816 0 3166
2622802 1 3529
2675174 2 3853
1222509 3 2767
1171584 0 2117
1725321 1 2866
1997248 2 3324
1721381 3 3281
1439099 0 2345
1252543 1 2440
1345434 2 2730
4088035 3 5050
6315446 0 4917
4377025 1 4564
2331477 2 3594
2174974 3 3685
2191405 0 2895
2473347 1 3434
2432131 2 3673
2100088 3 3616
1098321 0 2053
1069075 1 2252
1669161 2 3042
1476846 3 3029
1453969 0 2364
1520429 1 2687
1378778 2 2765
2265109 3 3763
2595713 0 3152
2279024 1 3295
2185011 2 3485
2012486 3 3545
2086121 0 2826
2185166 1 3227
2248749 2 3531
2261388 3 3753
2229956 0 2926
2593959 1 3514
2974346 2 4064
2041592 3 3566
2259526 0 2941
2256829 1 3278
3255022 2 4249
3498001 3 4671
3390303 0 3605
2915775 1 3727
3549789 2 4434
3488654 3 4663
2984949 0 3383
3050051 1 3807
3247336 2 4242
3184131 3 4457
3466674 0 3642
3590463 1 4133
3135555 2 4173
2783232 3 4164
3084232 0 3435
2582657 1 3506
2683169 2 3861
2743115 3 4138
2456789 0 3067
2472429 1 3426
2480997 2 3708
1071304 3 2578
1029584 0 1987
1639355 1 2797
1908653 2 3256
1597430 3 3157
1406218 0 2317
1207882 1 2394
1319511 2 2706
4030677 3 5014
6119441 0 4840
4255165 1 4497
2306390 2 3576
2151804 3 3666
2184497 0 2895
2514455 1 3458
2497742 2 3725
2339548 3 3820
1072841 0 2031
1140374 1 2324
1793786 2 3156
1550192 3 3111
1054468 0 2009
1089017 1 2276
917688 2 2253
1805801 3 3357
2151485 0 2872
1376544 1 2561
1052884 2 2418
867325 3 2328
931330 0 1884
1002725 1 2190
975486 2 2323
981221 3 2478
936768 0 1896
1794049 1 2923
2150495 2 3457
1378501 3 2932
1666720 0 2527
1667848 1 2817
2665670 2 3844
3077777 3 4384
2519151 0 3103
2060125 1 3132
2250211 2 3531
2238476 3 3734
1720404 0 2571
1771982 1 2904
1967677 2 3305
1914350 3 3453
2098525 0 2834
2695207 1 3583
2319431 2 3585
2426412 3 3886
2726419 0 3229
2722610 1 3599
2743261 2 3902
2742722 3 4138
2472595 0 3074
2429388 1 3402
2429485 2 3673
1498041 3 3053
1449967 0 2355
2064615 1 3132
2306885 2 3576
2041584 3 3566
1891591 0 2689
1669725 1 2817
1276503 2 2659
3911362 3 4941
6032962 0 4807
4090089 1 4411
2136442 2 3438
1991625 3 3525
2136559 0 2857
2443099 1 3410
2461123 2 3691
2344624 3 3820
1385131 0 2307
1448084 1 2625
2108934 2 3420
1823379 3 3368
1829781 0 2647
1686168 1 2837
1601321 2 2978
2449833 3 3904
2780835 0 3263
2084402 1 3150
1812151 2 3166
1559719 3 3123
1450421 0 2355
1577140 1 2738
1550155 2 2934
1541370 3 3100
1530248 0 2420
2430396 1 3402
2503894 2 3725
1790804 3 3346
2070911 0 2818
1607521 1 2768
2608832 2 3802
2863270 3 4224
1835231 0 2647
1338957 1 2528
1528420 2 2912
1529369 3 3088
990346 0 1942
1017129 1 2202
1160010 2 2535
1303302 3 2857
1569279 0 2447
2192148 1 3227
1780579 2 3146
1994176 3 3525
2274591 0 2949
2229375 1 3253
2283003 2 3558
2276056 3 3763
2019438 0 2778
2404405 1 3386
2414101 2 3656
1523110 3 3076
1551469 0 2438
2106429 1 3167
2272759 2 3549
2017015 3 3545
1837468 0 2656
1551771 1 2717
1173559 2 2547
3831212 3 4890
6039083 0 4807
4431870 1 4594
2946966 2 4040
2817912 3 4190
2972170 0 3376
3191023 1 3893
3239392 2 4242
3137668 3 4425
2296750 0 2964
2476211 1 3434
3135936 2 4173
2872864 3 4233
2946515 0 3357
2349007 1 3345
2673136 2 3853
3446463 3 4640
3761461 0 3797
3152660 1 3872
2882944 2 4000
2560596 3 3996
2085179 0 2826
2225523 1 3253
2119688 2 3429
2111361 3 3626
2119372 0 2849
2856298 1 3689
2791836 2 3935
2098348 3 3616
2362339 0 3008
1864988 1 2979
2899727 2 4008
2742452 3 4138
1666879 0 2527
1152209 1 2336
1376519 2 2765
1393261 3 2944
851676 0 1812
868678 1 2033
1051175 2 2418
1203171 3 2741
1956988 0 2738
2558381 1 3490
2376325 2 3629
2172669 3 3685
2248399 0 2934
2193887 1 3227
2235460 2 3521
2224428 3 3724
1935614 0 2722
2293092 1 3303
2256176 2 3540
1372097 3 2920
1464067 0 2364
1975911 1 3070
2115942 2 3429
1845593 3 3389
2165971 0 2880
1592562 1 2748
1227879 2 2610
3314143 3 4545
5072305 0 4408
3546972 1 4107
2210710 2 3503
2095535 3 3616
2229288 0 2918
2421993 1 3394
2432939 2 3673
2387054 3 3858
1991096 0 2762
2200353 1 3236
2865148 2 3984
2714591 3 4112
2888136 0 3323
2242251 1 3270
2150202 2 3457
2995864 3 4326
3151381 0 3474
2435152 1 3402
2366976 2 3620
2123556 3 3636
1730505 0 2571
1859632 1 2979
1662479 2 3042
1650638 3 3214
1664882 0 2527
2348408 1 3345
2279483 2 3558
2038689 3 3566
2291218 0 2964
1914171 1 3015
2964181 2 4056
2840315 3 4207
1737703 0 2579
1262817 1 2451
1464065 2 2845
1425956 3 2981
893523 0 1848
900590 1 2073
1016724 2 2378
1181953 3 2715
1955624 0 2738
2539614 1 3474
2411994 2 3656
2173190 3 3685
2207923 0 2911
2646560 1 3545
3140935 2 4173
3107277 3 4400
2938144 0 3357
3265716 1 3942
3263794 2 4257
2429629 3 3895
2513635 0 3103
3003845 1 3778
3129297 2 4165
2934619 3 4275
3226762 0 3518
2699262 1 3583
2299952 2 3576
3803843 3 4868
5167045 0 4448
3677334 1 4180
1876011 2 3226
1312293 3 2857
1427515 0 2336
1486326 1 2656
1528088 2 2912
1515490 3 3076
1074332 0 2031
1324562 1 2507
1937871 2 3276
2153518 3 3666
2305675 0 2971
1637192 1 2788
1572257 2 2956
2526908 3 3968
2235719 0 2926
1632864 1 2788
2092271 2 3410
1909537 3 3453
1607910 0 2483
1734208 1 2875
1500253 2 2890
1530820 3 3088
1609783 0 2483
2274829 1 3287
2220615 2 3512
2025574 3 3556
2252698 0 2934
2391583 1 3369
3184440 2 4204
3043947 3 4359
1958300 0 2738
1549109 1 2717
1701790 2 3073
1605327 3 3169
944282 0 1907
934924 1 2113
1026269 2 2391
1199068 3 2741
1916504 0 2705
2512181 1 3458
1979113 2 3315
1759533 3 3314
1801146 0 2622
2287604 1 3295
2671943 2 3853
2640416 3 4058
2507488 0 3095
2807525 1 3652
2788664 2 3935
1960627 3 3494
2068311 0 2818
2608304 1 3521
2742845 2 3902
3079066 3 4384
3340472 0 3574
2806425 1 3652
2406516 2 3656
3899525 3 4934
5207695 0 4468
3653814 1 4166
1750392 2 3115
1166195 3 2701
1279015 0 2209
1331200 1 2517
1446447 2 2834
1481979 3 3041
1302791 0 2229
1516413 1 2687
2084813 2 3401
2368619 3 3839
2461644 0 3074
1792977 1 2923
1709306 2 3084
2621001 3 4041
2402974 0 3030
2034434 1 3114
2445992 2 3682
2204632 3 3705
1852493 0 2664
1999571 1 3088
1780993 2 3146
1838786 3 3389
1942379 0 2730
2612684 1 3529
2633412 2 3819
2506041 3 3950
2647585 0 3187
2790204 1 3644
3332101 2 4302
3188562 3 4457
2161776 0 2880
1808533 1 2932
1931121 2 3276
1868484 3 3410
1213812 0 2158
1277333 1 2462
1380844 2 2765
1567000 3 3123
2670869 0 3201
3264910 1 3942
2872153 2 3992
2688214 3 4094
2541392 0 3117
2954074 1 3749
3235473 2 4234
2772014 3 4155
2190297 0 2895
2485273 1 3442
2286215 2 3558
1437039 3 2993
1526868 0 2420
2076400 1 3141
2195645 2 3494
2585399 3 4014
2794747 0 3270
1801370 1 2932
1401964 2 2788
3420907 3 4616
5598594 0 4629
4498540 1 4624
2650667 2 3836
2241846 3 3744
2400865 0 3030
2499998 1 3450
2570200 2 3777
2564987 3 3996
1135052 0 2085
1340335 1 2528
1878663 2 3226
2234218 3 3734
2392062 0 3030
1761678 1 2894
1677150 2 3052
2379414 3 3848
2187559 0 2895
1798112 1 2923
2177764 2 3476
2018663 3 3545
1714836 0 2562
1785415 1 2913
1556867 2 2934
1639721 3 3203
1787225 0 2614
2422241 1 3394
2457548 2 3691
2359823 3 3839
2487342 0 3088
2626160 1 3537
3179336 2 4196
2936989 3 4284
2080297 0 2826
1697397 1 2846
1860055 2 3216
1800949 3 3346
1107555 0 2064
1103419 1 2288
1245710 2 2634
1677297 3 3237
2815939 0 3283
3382961 1 4012
3032351 2 4103
2863526 3 4224
2728533 0 3236
3065035 1 3822
3396830 2 4339
2979711 3 4309
2502405 0 3095
2813252 1 3659
2627452 2 3819
1801927 3 3357
1864568 0 2672
2269209 1 3287
2418789 2 3665
2800543 3 4181
2755719 0 3249
1665961 1 2817
1248084 2 2634
3756081 3 4838
6368180 0 4939
5254545 1 5002
3430452 2 4361
3037060 3 4351
3216531 0 3512
3316637 1 3970
3210642 2 4219
3165708 3 4441
849293 0 1799
1034507 1 2215
1551917 2 2934
1893736 3 3432
2038515 0 2794
1437815 1 2614
1421036 2 2811
1951602 3 3484
1792357 0 2622
1409223 1 2593
1682169 2 3052
1667760 3 3225
1419115 0 2336
1433172 1 2614
1239498 2 2622
1284843 3 2832
1464570 0 2364
2064918 1 3132
2134407 2 3438
2044418 3 3566
2145861 0 2865
2318338 1 3320
2833367 2 3968
2544496 3 3987
1836320 0 2656
1407990 1 2593
1667168 2 3042
1619876 3 3180
849280 0 1799
849740 1 2006
1073051 2 2444
1454467 3 3017
2585246 0 3145
3172322 1 3886
2353873 2 3612
2099843 3 3616
2075571 0 2818
2476343 1 3434
2839532 2 3968
2399523 3 3867
2021769 0 2786
2321271 1 3320
2049838 2 3372
1220623 3 2754
1336224 0 2259
1577970 1 2738
1714691 2 3084
2999083 3 4326
2999006 0 3390
2004230 1 3088
1584242 2 2967
4065915 3 5036
6606702 0 5028
5128700 1 4941
2927774 2 4032
2624946 3 4050
3257088 0 3531
3335759 1 3984
3085036 2 4134
2979152 3 4309
941482 0 1896
1114196 1 2300
1569757 2 2956
1922344 3 3463
2080856 0 2826
1526661 1 2697
1492307 2 2879
1983698 3 3515
1771433 0 2605
1333582 1 2517
1602544 2 2978
1527594 3 3088
1294901 0 2229
1305264 1 2495
1096524 2 2471
1115562 3 2633
1294386 0 2229
1869634 1 2979
1961418 2 3295
1924497 3 3463
2116920 0 2849
2266758 1 3287
2753770 2 3911
2497625 3 3950
1796630 0 2622
1449421 1 2625
1711635 2 3084
1919927 3 3463
1319350 0 2249
1310134 1 2495
1545157 2 2923
1954341 3 3494
3160942 0 3480
3503390 1 4080
2524220 2 3743
2209091 3 3715
2166884 0 2880
2571603 1 3498
2989433 2 4072
2532913 3 3978
2173700 0 2888
2448062 1 3410
2059157 2 3382
1269005 3 2819
1139719 0 2085
1175014 1 2359
1567518 2 2945
3027467 3 4342
3071573 0 3429
2029113 1 3106
1604965 2 2988
4086149 3 5050
6654083 0 5046
5171348 1 4958
2947910 2 4040
2714339 3 4112
3343301 0 3580
3422810 1 4032
3203771 2 4219
3056435 3 4367
1080989 0 2031
1242790 1 2428
1646623 2 3021
2022135 3 3556
2206100 0 2903
1680946 1 2827
1614044 2 2988
2002352 3 3535
1804596 0 2631
1373414 1 2561
1605364 2 2988
1492540 3 3053
1263394 0 2199
1276315 1 2462
1020349 2 2378
1040888 3 2550
1263446 0 2199
1720997 1 2866
1824454 2 3186
1980602 3 3515
2269333 0 2949
2446242 1 3410
2930231 2 4032
2720274 3 4120
2090930 0 2834
1711029 1 2856
1939356 2 3276
2197003 3 3705
1579499 0 2456
1565523 1 2728
1833273 2 3186
2286883 3 3773
3303067 0 3556
3514549 1 4086
2496220 2 3725
2143133 3 3656
2132131 0 2857
2585955 1 3506
2955757 2 4048
2469161 3 3923
2123008 0 2849
2367550 1 3353
1966716 2 3305
1666149 3 3225
1580147 0 2456
1639096 1 2797
2039991 2 3363
3528566 3 4694
3644006 0 3738
2114518 1 3176
1651895 2 3031
4092938 3 5050
6702381 0 5068
5619467 1 5170
3778269 2 4577
3555656 3 4709
4176489 0 4002
4201579 1 4473
3543615 2 4434
3470912 3 4655
999072 0 1953
1174957 1 2359
1581338 2 2967
1936035 3 3473
2096603 0 2834
1556425 1 2717
1611374 2 2988
2032423 3 3556
1807310 0 2631
1313625 1 2495
1549782 2 2934
1509185 3 3065
1279279 0 2209
1262738 1 2451
963031 2 2309
985498 3 2478
1238900 0 2179
1674761 1 2827
1768249 2 3135
1921914 3 3463
2358149 0 3008
2598797 1 3514
3066944 2 4126
2868913 3 4233
2230145 0 2926
1893026 1 2997
2580835 2 3785
2816999 3 4190
2208633 0 2911
1961143 1 3052
2052630 2 3372
2570830 3 4005
3602457 0 3714
3648673 1 4166
2552386 2 3760
2248506 3 3744
2251717 0 2934
2750633 1 3614
3059056 2 4119
2096139 3 3616
1794877 0 2622
1987773 1 3079
1793884 2 3156
1655897 3 3214
1553325 0 2438
1588711 1 2748
1994751 2 3324
3545251 3 4702
3812428 0 3820
2279593 1 3295
1779344 2 3146
3725606 3 4823
5869637 0 4742
4836040 1 4800
2960677 2 4056
2848913 3 4216
3503211 0 3660
3475743 1 4066
2801446 2 3943
2755761 3 4147
1044724 0 1998
1263462 1 2451
1614102 2 2988
1942213 3 3484
2088829 0 2826
1517708 1 2687
1632124 2 3010
2070194 3 3596
1824235 0 2639
1295122 1 2484
1533005 2 2912
1551834 3 3111
1332232 0 2259
1282946 1 2473
924639 2 2267
1051634 3 2564
1315644 0 2249
1590784 1 2748
1491501 2 2879
1611423 3 3169
2125810 0 2857
2384812 1 3369
2909501 2 4016
2658168 3 4067
1983942 0 2754
1663122 1 2817
2390953 2 3638
2598519 3 4023
2403227 0 3030
2141964 1 3193
2249588 2 3531
2889302 3 4241
3877492 0 3855
3961602 1 4341
3073402 2 4126
2885464 3 4241
2820478 0 3283
3248511 1 3928
3528889 2 4427
2629543 3 4050
2300596 0 2971
2120140 1 3176
1950564 2 3285
1811260 3 3357
1695825 0 2545
1276490 1 2462
1607553 2 2988
3185957 3 4457
3357232 0 3587
1819432 1 2941
1324029 2 2706
2818808 3 4190
4595589 0 4196
3592455 1 4133
1615805 2 2988
1458683 3 3017
2083596 0 2826
2016125 1 3097
1820192 2 3176
1782583 3 3335
1229298 0 2168
1443552 1 2625
1792152 2 3156
2100414 3 3616
2272549 0 2949
1710206 1 2856
1784030 2 3146
2168434 3 3676
1907532 0 2705
1468878 1 2646
1695321 2 3063
1683408 3 3237
1462393 0 2364
1882169 1 2988
1466497 2 2857
1617082 3 3180
1877998 0 2681
2202001 1 3236
1989102 2 3324
2040517 3 3566
2527041 0 3110
2767155 1 3629
3309966 2 4287
3015367 3 4334
1826242 0 2647
1611429 1 2768
2361433 2 3620
2553832 3 3987
2401476 0 3030
2121089 1 3176
1697870 2 3073
2373916 3 3848
3347426 0 3580
3413857 1 4032
2546997 2 3760
2448866 3 3904
2373569 0 3016
2776385 1 3637
3015920 2 4087
2149333 3 3666
1817625 0 2639
2048725 1 3123
1937681 2 3276
1811388 3 3357
1673018 0 2527
1295184 1 2484
1555554 2 2934
3167918 3 4441
3346128 0 3580
1782493 1 2913
1252936 2 2634
2776973 3 4164
4684424 0 4233
3766718 1 4232
1806828 2 3166
1567610 3 3123
2147688 0 2865
1851646 1 2969
1753668 2 3115
1812439 3 3357
1259957 0 2199
1492741 1 2666
1924494 2 3266
2239161 3 3734
2833515 0 3297
2314561 1 3320
2340638 2 3603
2673006 3 4085
2397488 0 3030
2453905 1 3418
2890937 2 4008
2799346 3 4181
2665175 0 3194
3500691 1 4080
3152689 2 4181
3313250 3 4545
3552050 0 3690
3569228 1 4120
3474212 2 4390
3476039 3 4655
3935775 0 3884
4113665 1 4423
4565425 2 5031
4044665 3 5021
3431287 0 3624
3188910 1 3893
3453783 2 4376
3673643 3 4785
3539424 0 3684
3209653 1 3907
2336732 2 3603
2901858 3 4258
3831033 0 3832
3840954 1 4277
3405645 2 4346
2803282 3 4181
2734689 0 3236
2732480 1 3606
3073434 2 4126
2147765 3 3656
1802664 0 2631
2001875 1 3088
1875883 2 3226
2190068 3 3695
2039362 0 2794
1846649 1 2960
2271758 2 3549
3827753 3 4883
4063609 0 3946
2544481 1 3482
2114365 2 3429
3030236 3 4351
4919966 0 4342
4526689 1 4642
3099664 2 4150
2898610 3 4250
3582016 0 3702
3362608 1 3998
3349041 2 4309
3305769 3 4538
2045723 0 2802
2275999 1 3287
2667771 2 3844
3069801 3 4375
3584537 0 3702
2715668 1 3591
2751772 2 3911
3075389 3 4384
2825909 0 3290
2885573 1 3704
3332869 2 4302
3223602 3 4481
2689358 0 3208
3448322 1 4053
3089194 2 4142
2819645 3 4190
3093733 0 3441
3156783 1 3879
3121639 2 4157
3111503 3 4408
3584033 0 3702
3753090 1 4226
4205208 2 4829
3598341 3 4740
3475594 0 3648
3263348 1 3942
3430013 2 4361
3678299 3 4793
4479920 0 4143
4193906 1 4467
3389131 2 4339
3810977 3 4875
4725967 0 4254
4728575 1 4742
4315879 2 4896
3687632 3 4793
3656723 0 3744
3673971 1 4180
4010870 2 4715
3066442 3 4375
2785218 0 3263
2487817 1 3442
2380734 2 3638
2811547 3 4190
2603527 0 3159
1962458 1 3052
2371947 2 3629
3917195 3 4941
4605076 0 4202
3128092 1 3857
2635791 2 3827
3485769 3 4663
5218842 0 4473
4783795 1 4771
3416934 2 4354
3638571 3 4763
4299405 0 4057
4158208 1 4448
4091440 2 4762
3926196 3 4949
2186402 0 2895
2350483 1 3345
2319825 2 3585
2683773 3 4094
3091041 0 3441
2210429 1 3244
2314909 2 3585
2271601 3 3763
1851946 0 2664
1818219 1 2941
2274044 2 3549
2278468 3 3773
1578378 0 2456
2325693 1 3328
1863164 2 3216
1070151 3 2578
1360851 0 2278
1409910 1 2593
1330271 2 2718
1765936 3 3314
1767526 0 2605
1978000 1 3070
2027054 2 3353
1373213 3 2932
1709631 0 2562
1789826 1 2923
2450308 2 3691
2650328 3 4067
3915465 0 3872
3737533 1 4219
2899314 2 4008
3401276 3 4609
4563509 0 4181
4629286 1 4695
4265406 2 4863
4132420 3 5078
3683468 0 3756
4130910 1 4436
4442670 2 4967
3898014 3 4934
3631382 0 3732
3337612 1 3984
3217963 2 4226
3117342 3 4408
2886870 0 3323
2306903 1 3312
2609105 2 3802
3986451 3 4985
4192596 0 4007
2912040 1 3719
2354617 2 3612
2704405 3 4103
4050904 0 3940
3695803 1 4193
2131869 2 3438
2195244 3 3705
2836080 0 3297
2650105 1 3552
2744965 2 3902
2655631 3 4067
1611083 0 2483
1741864 1 2875
1756342 2 3125
2401403 3 3867
2763287 0 3256
1835541 1 2951
2424059 2 3665
2480188 3 3932
2143450 0 2865
2078787 1 3141
2843437 2 3968
2853719 3 4216
2056577 0 2810
2819676 1 3659
2418893 2 3665
1659551 3 3214
1805136 0 2631
1834955 1 2951
1787570 2 3146
1743051 3 3292
1764369 0 2597
1871576 1 2988
1883576 2 3236
1232344 3 2767
1471332 0 2374
1577699 1 2738
1813905 2 3176
1957917 3 3494
3256218 0 3531
3063382 1 3814
1753529 2 3115
2245200 3 3744
3413066 0 3617
3639138 1 4160
3265772 2 4257
3141466 3 4425
2700615 0 3215
3137259 1 3865
3429022 2 4361
3348792 3 4569
3138008 0 3467
2841458 1 3675
2738836 2 3894
3068607 3 4375
3396218 0 3605
2785108 1 3637
3081934 2 4134
4395131 3 5233
4530960 0 4165
3334712 1 3984
2325825 2 3594
2659935 3 4076
3997839 0 3912
3639902 1 4160
2072394 2 3391
2127763 3 3646
2781277 0 3263
2088530 1 3150
2128464 2 3438
2458356 3 3913
3120537 0 3454
3111159 1 3850
3018307 2 4095
3364044 3 4577
3663925 0 3744
2709509 1 3591
3269908 2 4257
3207236 3 4473
3234568 0 3518
3177604 1 3886
3471948 2 4390
3472019 3 4655
2449801 0 3059
3203601 1 3907
2908509 2 4016
2141247 3 3656
2197915 0 2903
2246332 1 3270
2207678 2 3503
2184483 3 3695
2188850 0 2895
1856922 1 2969
1807065 2 3166
1159542 3 2688
1407770 0 2326
1489158 1 2666
1717421 2 3084
1841868 3 3389
2692161 0 3208
2518836 1 3458
1216366 2 2597
1618206 3 3180
2793018 0 3270
2579396 1 3506
2352803 2 3612
2203448 3 3705
1765761 0 2597
2249969 1 3270
2568033 2 3777
2499414 3 3950
2304270 0 2971
2487692 1 3442
2358341 2 3620
2749095 3 4138
3229461 0 3518
2518181 1 3458
2851278 2 3976
3790947 3 4860
3991993 0 3912
2831506 1 3667
2319090 2 3585
3018837 3 4342
4542577 0 4170
4209618 1 4473
2697183 2 3869
2800149 3 4181
3395774 0 3605
2684570 1 3576
2681101 2 3853
2903881 3 4258
2858535 0 3310
2852703 1 3682
2797480 2 3943
3157832 3 4441
3070967 0 3429
2173019 1 3219
2790720 2 3935
2741890 3 4138
2772985 0 3256
2592757 1 3514
2891031 2 4008
2977203 3 4309
1982099 0 2754
2749684 1 3614
2501759 2 3725
1747834 3 3303
1787922 0 2614
1815931 1 2941
1760915 2 3125
1681828 3 3237
1732550 0 2579
1894761 1 3006
1900005 2 3246
1430246 3 2981
1737865 0 2579
1776221 1 2904
1935778 2 3276
2034404 3 3566
2811714 0 3283
2661735 1 3560
1333550 2 2718
1680045 3 3237
3303103 0 3556
3048806 1 3807
2830336 2 3959
2684205 3 4094
2338000 0 2993
2787502 1 3644
3081792 2 4134
3527824 3 4694
3678585 0 3756
3872652 1 4290
3845694 2 4619
4162489 3 5093
4627456 0 4207
4033540 1 4379
3876583 2 4639
4721646 3 5429
4945921 0 4352
3366772 1 4005
2902542 2 4016
3995923 3 4992
5477207 0 4581
4780179 1 4771
3315283 2 4287
3280558 3 4522
3819542 0 3826
3105382 1 3843
3132793 2 4165
3835346 3 4890
1241705 0 2179
1154789 1 2348
1195625 2 2573
1895041 3 3442
1832319 0 2647
1192488 1 2383
1485807 2 2868
1714024 3 3270
1750624 0 2588
1554048 1 2717
2092416 2 3410
2264047 3 3753
1606476 0 2483
2419170 1 3394
2284881 2 3558
1519953 3 3076
1559339 0 2447
1556180 1 2717
1559086 2 2945
1443793 3 3005
1465483 0 2374
1592781 1 2758
1552523 2 2934
1602407 3 3157
1875501 0 2681
1888704 1 2997
1969194 2 3305
2082103 3 3606
2857313 0 3310
2735809 1 3606
1356829 2 2742
1717841 3 3270
2869272 0 3317
2580771 1 3506
2341782 2 3603
2187636 3 3695
1789367 0 2614
2356199 1 3345
2654615 2 3836
3102798 3 4400
3259278 0 3531
3436713 1 4046
3407737 2 4346
3754677 3 4838
4192181 0 4007
3577531 1 4127
3369599 2 4324
4235400 3 5142
4464536 0 4133
3331115 1 3984
2843024 2 3968
3899577 3 4934
5319400 0 4512
4441567 1 4594
2663453 2 3844
2579513 3 4014
3161233 0 3480
2429637 1 3402
2498913 2 3725
3257019 3 4506
1124186 0 2074
1064988 1 2252
1054254 2 2418
1801881 3 3357
1740352 0 2579
1145708 1 2336
1459678 2 2845
1729897 3 3281
1666248 0 2527
1426138 1 2604
2077091 2 3391
2226615 3 3724
1560082 0 2447
2350230 1 3345
2249631 2 3531
1495614 3 3053
1554899 0 2438
1567586 1 2728
1569967 2 2956
1609957 3 3169
1693394 0 2545
1887026 1 2997
1859101 2 3216
1873099 3 3421
2165616 0 2880
2032671 1 3106
2125056 2 3429
2322275 3 3801
3099555 0 3448
2995749 1 3778
1701560 2 3073
2068867 3 3596
3151814 0 3474
2876801 1 3697
2623885 2 3819
2487034 3 3941
1919686 0 2714
2021338 1 3106
1969502 2 3305
2419037 3 3886
2386228 0 3023
2516012 1 3458
2569059 2 3777
2925991 3 4275
3276941 0 3543
2538662 1 3474
2335794 2 3603
3233976 3 4490
3513854 0 3666
2335414 1 3337
1835087 2 3186
2968474 3 4300
4368703 0 4089
3469180 1 4066
2139046 2 3448
2519230 3 3959
3067966 0 3429
2507063 1 3450
2584395 2 3785
3271760 3 4514
1469983 0 2374
1232078 1 2417
1182168 2 2560
1911698 3 3453
1958275 0 2738
1475210 1 2646
1712314 2 3084
1934986 3 3473
1891938 0 2689
1623979 1 2778
2342871 2 3603
2453548 3 3913
1783045 0 2614
2619433 1 3529
2612856 2 3811
1876497 3 3421
1798671 0 2622
1822365 1 2941
1880198 2 3226
1945182 3 3484
2027252 0 2786
1965442 1 3061
1944639 2 3285
1919105 3 3463
2293921 0 2964
2149331 1 3202
2255484 2 3540
2421338 3 3886
3231828 0 3518
3133837 1 3865
1869219 2 3216
2161383 3 3676
3188498 0 3493
3098298 1 3836
3024580 2 4095
3145596 3 4433
2603959 0 3159
2650374 1 3552
2633809 2 3819
3037617 3 4351
3010937 0 3396
3139166 1 3865
3201471 2 4211
3532137 3 4694
3901258 0 3866
3171692 1 3886
2724598 2 3886
3463870 3 4648
3741602 0 3785
2567091 1 3498
2312573 2 3585
3438298 3 4632
4718558 0 4249
4458372 1 4606
3637190 2 4492
3985196 3 4985
4500371 0 4154
3902664 1 4310
3975562 2 4695
4670635 3 5396
1857023 0 2664
1618338 1 2778
1681972 2 3052
2180286 3 3685
2206074 0 2903
1749024 1 2885
1889547 2 3236
2181737 3 3685
2071655 0 2818
1800021 1 2923
2556348 2 3768
2680242 3 4085
2055244 0 2802
2842510 1 3675
2696291 2 3869
1948799 3 3484
1876861 0 2681
1919526 1 3025
1919288 2 3266
1871430 3 3421
1914008 0 2705
1636084 1 2788
1591125 2 2967
1546894 3 3111
1876340 0 2681
1762295 1 2894
1848965 2 3206
1977605 3 3515
2840552 0 3297
2621543 1 3529
1233332 2 2610
1581865 3 3146
2284539 0 2956
2156165 1 3202
2162486 2 3466
2355350 3 3830
1807185 0 2631
1904165 1 3006
1917849 2 3266
2240337 3 3734
2181182 0 2888
2299833 1 3312
2497611 2 3725
2923196 3 4267
3242197 0 3524
2486305 1 3442
2092857 2 3410
2903519 3 4258
3143427 0 3467
2913533 1 3727
2701510 2 3869
3390371 3 4601
4281365 0 4051
3983735 1 4354
3102260 2 4150
3457182 3 4640
3982693 0 3906
3434998 1 4046
3955462 2 4681
4643785 3 5382
3109794 0 3448
2747291 1 3614
2781585 2 3927
3158878 3 4441
3133197 0 3461
2231554 1 3261
2095361 2 3410
2354811 3 3830
2178182 0 2888
1903153 1 3006
2666003 2 3844
2804529 3 4181
1652399 0 2519
2433597 1 3402
2326467 2 3594
1472475 3 3029
1361457 0 2288
1435255 1 2614
1418907 2 2800
1596306 3 3157
1623940 0 2492
1336213 1 2517
1403487 2 2788
1354081 3 2907
1706415 0 2554
1620132 1 2778
1717141 2 3084
1952558 3 3494
2819155 0 3283
2890690 1 3712
1674587 2 3052
1703062 3 3259
2244567 0 2934
2129578 1 3184
2173895 2 3476
2334971 3 3820
1785845 0 2614
1632764 1 2788
1642930 2 3021
1950615 3 3484
1839098 0 2656
2020766 1 3097
2012111 2 3344
2358143 3 3839
2669068 0 3194
1906874 1 3015
2001837 2 3334
2772929 3 4155
3242242 0 3524
3176192 1 3886
3259414 2 4249
3464201 3 4648
3663248 0 3744
3367163 1 4005
2471433 2 3699
2616883 3 4041
3163643 0 3480
3097370 1 3836
3629973 2 4485
4370986 3 5219
3693507 0 3762
3548427 1 4107
3620375 2 4485
3945572 3 4963
3802915 0 3814
2491277 1 3442
2341582 2 3603
2543054 3 3987
2321827 0 2979
2042184 1 3114
2788389 2 3935
2970323 3 4300
1528752 0 2420
2357355 1 3353
2204037 2 3494
1194285 3 2728
1082249 0 2031
1317906 1 2507
1365708 2 2754
1585550 3 3146
1623329 0 2492
1346176 1 2528
1424800 2 2811
1410008 3 2969
2281974 0 2956
2259433 1 3278
2334613 2 3603
2582843 3 4014
3415414 0 3617
3570945 1 4120
2370194 2 3629
2340084 3 3820
2910124 0 3337
2785111 1 3637
2845912 2 3976
3026351 3 4342
2409703 0 3038
2242530 1 3270
2241614 2 3531
2566198 3 4005
2488679 0 3088
2163547 1 3210
2136802 2 3438
2493834 3 3941
2795935 0 3270
2513335 1 3458
2615400 2 3811
2809280 3 4190
3230272 0 3518
3193796 1 3900
3309628 2 4287
3475291 3 4655
3706124 0 3768
3423207 1 4039
2521073 2 3743
2642176 3 4058
2696374 0 3215
2717394 1 3599
2834538 2 3968
3628554 3 4755
2482573 0 3081
2470481 1 3426
2671288 2 3853
3474734 3 4655
3377710 0 3599
1797346 1 2923
1583683 2 2967
1761033 3 3314
1573275 0 2456
1351432 1 2539
2577890 2 3785
2737267 3 4129
1427149 0 2336
2306352 1 3312
2157651 2 3457
1103785 3 2620
978990 0 1942
1259605 1 2451
1322903 2 2706
1570180 3 3134
1567154 0 2447
1316633 1 2507
1402136 2 2788
1431453 3 2993
2312704 0 2979
2216402 1 3244
2302372 2 3576
2379680 3 3848
3135567 0 3467
3305202 1 3963
2040212 2 3363
2025911 3 3556
2600418 0 3152
2506585 1 3450
2511819 2 3734
2702224 3 4103
2192819 0 2895
2106497 1 3167
2060290 2 3382
2378437 3 3848
2304394 0 2971
1940650 1 3043
1964492 2 3305
2410704 3 3876
2927265 0 3350
2772709 1 3629
2786606 2 3935
2935322 3 4275
2895429 0 3330
2908372 1 3719
3142219 2 4173
3317875 3 4545
3558445 0 3690
3100032 1 3843
2184012 2 3485
2329913 3 3811
2395037 0 3030
2532921 1 3474
2630938 2 3819
2979990 3 4309
1495866 0 2392
1510076 1 2677
1753644 2 3115
3033202 3 4351
2963079 0 3370
1340429 1 2528
1132722 2 2509
1281538 3 2832
999307 0 1953
684462 1 1803
2423343 2 3665
2545766 3 3987
1267188 0 2199
2168218 1 3210
2022598 2 3353
991332 3 2493
787410 0 1737
1124070 1 2312
1165971 2 2547
1394017 3 2944
1406702 0 2317
1089373 1 2276
1202201 2 2585
1240338 3 2780
2146246 0 2865
2085106 1 3150
1700233 2 3073
1746954 3 3303
2500799 0 3095
2682854 1 3576
1399146 2 2788
1463605 3 3017
1959799 0 2738
1989804 1 3079
2073992 2 3391
2260537 3 3753
1739612 0 2579
1621058 1 2778
1632643 2 3010
2456556 3 3913
2437534 0 3052
2045072 1 3123
2014495 2 3344
1991132 3 3525
2478903 0 3081
2364248 1 3353
2295531 2 3567
2476548 3 3932
2383749 0 3023
2401954 1 3378
2576840 2 3777
2787903 3 4173
3073325 0 3429
2558709 1 3490
1655900 2 3031
1845581 3 3389
1890015 0 2689
2049854 1 3123
2164836 2 3466
2462881 3 3923
1726023 0 2571
1702844 1 2846
1880296 2 3226
3040686 3 4359
2978078 0 3376
1583087 1 2748
1325986 2 2706
1459047 3 3017
1202654 0 2148
892925 1 2060
2582489 2 3785
2601038 3 4032
1305256 0 2239
2246672 1 3270
2100488 2 3410
2045424 3 3576
1811359 0 2631
2069197 1 3141
2091629 2 3410
2285963 3 3773
2315273 0 2979
1961871 1 3052
2074780 2 3391
2071875 3 3596
2988385 0 3383
2923630 1 3727
2513224 2 3734
2564732 3 3996
2870696 0 3317
3066064 1 3822
1792544 2 3156
1777660 3 3325
1761533 0 2597
1840732 1 2960
1951299 2 3285
2156632 3 3666
1648854 0 2510
1480625 1 2656
1432333 2 2823
2256926 3 3753
2351686 0 3001
1933944 1 3034
1892272 2 3236
1892185 3 3432
2336410 0 2993
2099458 1 3158
2043354 2 3363
2253188 3 3753
2062977 0 2810
2506820 1 3450
2667653 2 3844
3071040 3 4375
3470841 0 3648
2970028 1 3756
2591274 2 3794
2741466 3 4138
2751622 0 3249
2851369 1 3682
3091794 2 4142
3409521 3 4609
1684391 0 2536
1623794 1 2778
1751641 2 3115
2889010 3 4241
2892765 0 3330
1530095 1 2697
1364153 2 2754
1575532 3 3134
1346442 0 2268
1047541 1 2227
2685921 2 3861
2694774 3 4103
1379074 0 2298
2323703 1 3328
2209722 2 3503
2627925 3 4050
2436033 0 3052
2559419 1 3490
2587295 2 3785
2829254 3 4198
2865159 0 3310
2527626 1 3466
2636176 2 3827
2645458 3 4058
3526946 0 3672
3493540 1 4080
3063731 2 4119
3065167 3 4375
2970935 0 3370
3183803 1 3893
1978442 2 3315
1819266 3 3368
1715507 0 2562
1712244 1 2856
1815518 2 3176
1993158 3 3525
1940739 0 2730
1792567 1 2923
1771599 2 3135
2652830 3 4067
2712398 0 3222
2225655 1 3253
2123710 2 3429
2170815 3 3676
2656765 0 3187
2435838 1 3402
2413280 2 3656
2736944 3 4129
2679704 0 3201
2682381 1 3576
2831026 2 3959
3246709 3 4498
3701209 0 3768
3221194 1 3914
2880547 2 4000
3122699 3 4417
3143936 0 3467
3236033 1 3921
3515748 2 4420
3882448 3 4919
2398520 0 3030
2419410 1 3394
2478187 2 3708
3169639 3 4449
3229098 0 3518
1882276 1 2997
1729511 2 3094
1939160 3 3473
1767005 0 2605
1583634 1 2748
2724544 2 3886
2736515 3 4129
1393622 0 2307
1856351 1 2969
1674136 2 3052
2104582 3 3626
1894021 0 2697
1572492 1 2738
1653374 2 3031
1953779 3 3494
1958484 0 2738
1588358 1 2748
1718547 2 3084
1720475 3 3281
2594456 0 3152
2557539 1 3490
2644747 2 3827
2660192 3 4076
2584897 0 3145
2848391 1 3682
3056406 2 4119
2896245 3 4250
2771162 0 3256
2767612 1 3629
2877041 2 3992
3030233 3 4351
2970771 0 3370
2853757 1 3682
2854112 2 3976
3306967 3 4538
3288916 0 3549
2833102 1 3675
2682242 2 3861
2308656 3 3792
2752423 0 3249
2540594 1 3474
2456553 2 3691
2832477 3 4207
2813290 0 3283
2806336 1 3652
3293038 2 4272
3181450 3 4457
3577475 0 3702
3074186 1 3822
2709663 2 3878
2999538 3 4326
2574361 0 3138
3108743 1 3843
3390145 2 4339
3785689 3 4860
2383677 0 3023
2474475 1 3434
2502083 2 3725
3283730 3 4522
3312468 0 3562
1884393 1 2997
1744202 2 3115
1979878 3 3515
1850640 0 2664
1680387 1 2827
2832003 2 3959
2858400 3 4224
1514676 0 2411
1494871 1 2666
1286516 2 2671
1696475 3 3248
1457816 0 2364
1035307 1 2215
1056040 2 2418
1383406 3 2932
1858989 0 2664
1480864 1 2656
1641913 2 3021
1673826 3 3237
2531375 0 3117
2421159 1 3394
2514708 2 3734
2577753 3 4014
2945943 0 3357
3233208 1 3921
3917106 2 4660
3885794 3 4919
3793478 0 3809
3799598 1 4252
3656556 2 4506
3847417 3 4897
3805903 0 3820
3207181 1 3907
3161209 2 4188
3568205 3 4717
3960359 0 3895
3032809 1 3800
2971978 2 4064
2620259 3 4041
2973186 0 3376
2606222 1 3521
2503840 2 3725
2814709 3 4190
2702866 0 3215
2611920 1 3521
3025048 2 4095
3334111 3 4561
3687732 0 3756
3115149 1 3850
2794513 2 3935
3032029 3 4351
2631512 0 3173
2662872 1 3560
2805824 2 3943
3188978 3 4457
1175643 0 2117
1404597 1 2582
1475605 2 2857
2384205 3 3858
2503237 0 3095
1321782 1 2507
1158688 2 2535
1401048 3 2957
1218383 0 2158
1286882 1 2473
2493719 2 3717
2589431 3 4023
1731474 0 2571
1664493 1 2817
1471434 2 2857
1858237 3 3400
1726109 0 2571
1305593 1 2495
1268813 2 2659
1574847 3 3134
2049356 0 2802
1701864 1 2846
1899298 2 3246
1943371 3 3484
2344419 0 2993
2223768 1 3253
2216609 2 3503
2264810 3 3763
2096296 0 2834
2237859 1 3261
2917038 2 4024
2896574 3 4250
2835404 0 3297
2880197 1 3704
2726841 2 3886
2890209 3 4250
2820156 0 3283
2216836 1 3244
2164073 2 3466
2380884 3 3858
2781995 0 3263
2398155 1 3378
2450182 2 3691
2053821 3 3576
2438344 0 3059
2505451 1 3450
2938246 2 4040
3256762 3 4506
2676951 0 3201
2543187 1 3482
2952277 2 4048
3290048 3 4530
3629838 0 3726
3075224 1 3822
2743388 2 3902
2510036 3 3959
2174680 0 2888
2175056 1 3219
2230874 2 3521
2132823 3 3646
1834293 0 2647
2020998 1 3097
2099283 2 3410
2672954 3 4085
2709909 0 3222
1581683 1 2748
1334714 2 2718
1495398 3 3053
1327365 0 2259
1388583 1 2572
2369794 2 3629
2555619 3 3996
1701354 0 2554
1599539 1 2758
1403662 2 2788
1819561 3 3368
1712262 0 2562
1355469 1 2539
1261751 2 2646
1577216 3 3134
2040919 0 2794
1719795 1 2856
1462539 2 2845
1469453 3 3029
1819674 0 2639
1639185 1 2797
1195301 2 2573
1327593 3 2882
1108718 0 2064
1077101 1 2264
1772600 2 3135
1796645 3 3346
1839538 0 2656
1847125 1 2960
1611235 2 2988
2263583 3 3753
2232112 0 2926
1642992 1 2797
1596949 2 2978
1821572 3 3368
2228481 0 2918
1904666 1 3006
1544491 2 2923
1629711 3 3192
1969269 0 2746
2046809 1 3123
2731604 2 3894
3036264 3 4351
2452677 0 3067
2213160 1 3244
2673994 2 3853
3525461 3 4686
4343933 0 4079
4029151 1 4379
3888399 2 4646
4092491 3 5050
3755951 0 3791
3872787 1 4290
3949397 2 4681
3868212 3 4912
2083723 0 2826
2225439 1 3253
2327778 2 3594
2814528 3 4190
2824672 0 3290
1730518 1 2866
1488223 2 2868
1557631 3 3111
1509326 0 2401
1772126 1 2904
2571738 2 3777
2758328 3 4147
1891373 0 2689
1691957 1 2837
1499116 2 2879
1945215 3 3484
1825891 0 2647
1461560 1 2635
1361179 2 2754
1730554 3 3281
2192558 0 2895
1779111 1 2913
1527709 2 2912
1535074 3 3100
1891767 0 2689
1840585 1 2960
1228119 2 2610
1378259 3 2932
1155462 0 2106
1083917 1 2276
1749529 2 3115
1738822 3 3292
1798174 0 2622
1810429 1 2932
2032338 2 3353
2695036 3 4103
2591315 0 3152
2159665 1 3202
1969882 2 3305
2242501 3 3744
2625328 0 3173
2346150 1 3345
2042192 2 3363
2209661 3 3715
2044428 0 2794
2144897 1 3193
2796568 2 3935
2665892 3 4076
2139610 0 2865
1811382 1 2932
2265355 2 3549
3581104 3 4725
4905162 0 4332
5057427 1 4907
5260387 2 5401
5483606 3 5846
5187214 0 4458
5335481 1 5040
5411523 2 5478
4897235 3 5528
1592300 0 2465
1716038 1 2856
1857942 2 3206
2327371 3 3811
2374411 0 3016
1490050 1 2666
1317724 2 2706
1403927 3 2957
1399769 0 2317
1764345 1 2894
2509078 2 3734
2710558 3 4112
2036251 0 2794
1752022 1 2885
1577167 2 2956
2046974 3 3576
1972457 0 2746
1638597 1 2788
1515327 2 2901
1947110 3 3484
2428015 0 3052
2004049 1 3088
1693839 2 3063
1747795 3 3303
2060373 0 2810
2072435 1 3141
1502681 2 2890
1657123 3 3214
1438604 0 2345
1371246 1 2550
2018651 2 3344
2001896 3 3535
2043859 0 2794
2030351 1 3106
1973660 2 3305
2607535 3 4032
2382902 0 3023
1967830 1 3061
1764949 2 3125
2074911 3 3596
2411412 0 3038
2167911 1 3210
1862196 2 3216
2024532 3 3556
1835031 0 2647
1897599 1 3006
2562476 2 3768
2618018 3 4041
2058241 0 2810
1712021 1 2856
2162964 2 3466
3379957 3 4593
4555311 0 4175
4238526 1 4491
4017841 2 4722
4329653 3 5198
4022649 0 3923
4180791 1 4460
4236890 2 4849
3548137 3 4702
1352654 0 2278
1470326 1 2646
1609650 2 2988
2153458 3 3666
2231919 0 2926
1389877 1 2572
1170010 2 2547
1233037 3 2767
1213851 0 2158
1614751 1 2768
2435107 2 3673
2386510 3 3858
1765300 0 2597
1509758 1 2677
1335969 2 2718
1813831 3 3368
1755972 0 2597
1427119 1 2604
1361796 2 2754
1836467 3 3389
2388693 0 3023
1957742 1 3052
1615954 2 2999
1649611 3 3203
2214013 0 2911
2235101 1 3261
1703157 2 3073
1891485 3 3432
1675035 0 2536
1583737 1 2748
2227966 2 3512
2196499 3 3705
1802537 0 2631
1711101 1 2856
1524866 2 2912
2132650 3 3646
1845732 0 2656
1443100 1 2625
1259448 2 2646
1588125 3 3146
2081980 0 2826
1723902 1 2866
1402826 2 2788
1494820 3 3053
1350604 0 2278
1319792 1 2507
1977050 2 3315
2497852 3 3950
2030531 0 2786
2118113 1 3176
2496798 2 3725
3159978 3 4441
3861805 0 3843
3100392 1 3843
2540521 2 3751
2888467 3 4241
3098546 0 3448
3211563 1 3907
3288788 2 4272
2628751 3 4050
2175377 0 2888
2447392 1 3410
2584974 2 3785
3057524 3 4367
3114283 0 3454
2325437 1 3328
2339022 2 3603
2378517 3 3848
1894427 0 2697
1777725 1 2904
3086632 2 4134
3051864 3 4359
2478178 0 3081
2230815 1 3261
1924508 2 3266
2420732 3 3886
2371966 0 3016
2033481 1 3114
1955177 2 3295
2293870 3 3782
2902639 0 3337
2442265 1 3410
2128013 2 3438
2146769 3 3656
2697810 0 3215
2673832 1 3568
2189515 2 3485
1868838 3 3410
1663369 0 2527
1549692 1 2717
2185826 2 3485
2151042 3 3666
1836624 0 2656
1764644 1 2894
1736506 2 3104
2344803 3 3820
1910377 0 2705
1690765 1 2837
1509713 2 2890
1821473 3 3368
2337562 0 2993
1957990 1 3052
1711968 2 3084
1793995 3 3346
1632274 0 2501
1551203 1 2717
2181943 2 3476
2713585 3 4112
2281705 0 2956
2383523 1 3369
2483850 2 3708
3106286 3 4400
4021953 0 3923
3167894 1 3879
2538792 2 3751
3081411 3 4384
3332475 0 3574
3425728 1 4039
3547126 2 4434
2808118 3 4181
2827793 0 3290
2886497 1 3704
2951008 2 4048
3440315 3 4632
3600143 0 3714
2837486 1 3675
2840760 2 3968
2856919 3 4224
2373727 0 3016
2198835 1 3236
3479835 2 4390
3409967 3 4609
2609082 0 3159
2344630 1 3337
2034142 2 3363
2513809 3 3959
2511478 0 3103
2010853 1 3097
1800259 2 3156
1933837 3 3473
2533342 0 3117
2078763 1 3141
1749754 2 3115
1759536 3 3314
2323749 0 2986
2317069 1 3320
1857162 2 3206
1492134 3 3053
1286414 0 2219
1140919 1 2324
1719161 2 3084
1732394 3 3292
1469004 0 2374
1414518 1 2593
1455329 2 2845
2129960 3 3646
1791090 0 2622
1628752 1 2788
1435177 2 2823
1799894 3 3346
2335300 0 2993
1953732 1 3052
1639368 2 3021
1711678 3 3270
1646725 0 2510
1594725 1 2758
2332560 2 3594
2909501 3 4258
2483349 0 3081
2150423 1 3202
2214047 2 3503
2847340 3 4216
3707323 0 3768
2841512 1 3675
2132936 2 3438
2718659 3 4120
2928062 0 3350
3027683 1 3793
2672981 2 3853
1985471 3 3515
4644440 0 4218
4703885 1 4730
4698626 2 5107
4711509 3 5422
4243759 0 4029
3499866 1 4080
3478172 2 4390
3911727 3 4941
3482277 0 3654
3273040 1 3949
4008667 2 4715
3523667 3 4686
2143577 0 2865
1431110 1 2614
1090889 2 2458
1578546 3 3134
1713508 0 2562
1702000 1 2846
1498075 2 2879
1689168 3 3248
2314653 0 2979
1946563 1 3043
1619092 2 2999
1595347 3 3157
2199135 0 2903
2650729 1 3552
2149596 2 3457
1771305 3 3325
1547320 0 2438
1419833 1 2604
1909429 2 3256
1972950 3 3504
1741660 0 2579
1691307 1 2837
1406908 2 2788
1919612 3 3463
1600536 0 2474
1873810 1 2988
1694770 2 3063
2052983 3 3576
2584213 0 3145
2220818 1 3253
1915357 2 3256
2451263 3 3913
2312731 0 2979
2250832 1 3270
2952828 2 4048
3532035 3 4694
3537841 0 3678
3202354 1 3900
3036045 2 4103
3620631 3 4755
4623545 0 4207
3609798 1 4147
2457481 2 3691
2991328 3 4317
3216941 0 3512
3374573 1 4005
3043792 2 4111
2842330 3 4207
5323221 0 4517
5331824 1 5035
5253350 2 5401
5031833 3 5599
4553289 0 4175
3739852 1 4219
3699657 2 4527
4104916 3 5057
3650773 0 3738
3411279 1 4032
3715654 2 4541
3340549 3 4561
1870227 0 2672
1219266 1 2406
1083973 2 2458
1567292 3 3123
1709492 0 2562
1726292 1 2866
1510760 2 2890
1836321 3 3389
2456405 0 3067
2116268 1 3176
1809282 2 3166
1774092 3 3325
2341764 0 2993
2818397 1 3659
2752199 2 3911
2375889 3 3848
2065206 0 2810
1946283 1 3043
2391500 2 3638
2556185 3 3996
2350035 0 3001
2292511 1 3303
1945226 2 3285
2468772 3 3923
2248041 0 2934
2498436 1 3450
2333598 2 3594
2092492 3 3616
2611627 0 3159
2260950 1 3278
1910443 2 3256
2447584 3 3904
2775613 0 3263
2652625 1 3552
3303444 2 4279
4014755 3 5007
4384403 0 4100
4003487 1 4367
3835871 2 4612
4422085 3 5253
5504624 0 4590
4543211 1 4648
3400378 2 4346
4251285 3 5149
4654974 0 4223
4764476 1 4759
4469294 2 4980
4699681 3 5416
3342012 0 3580
3350434 1 3991
3839410 2 4612
3771922 3 4853
3760579 0 3797
3337367 1 3984
3269157 2 4257
3671803 3 4785
2702703 0 3215
2457634 1 3418
2820849 2 3959
2853144 3 4216
1815521 0 2639
1154826 1 2348
1130774 2 2509
1585195 3 3146
1733927 0 2579
1715778 1 2856
1514113 2 2901
1357359 3 2907
1939331 0 2722
1553412 1 2717
1208469 2 2585
1180802 3 2715
1770283 0 2605
2265741 1 3287
2222595 2 3512
1877555 3 3421
1588700 0 2465
1539265 1 2707
1930207 2 3276
2069079 3 3596
2422198 0 3045
2423014 1 3394
2057186 2 3382
2578326 3 4014
2312120 0 2979
2533209 1 3474
2491562 2 3717
1805554 3 3357
2285418 0 2956
1963123 1 3052
1569596 2 2956
2119226 3 3636
2475274 0 3081
1972460 1 3061
2165645 2 3466
3363348 3 4577
3738953 0 3785
3394561 1 4018
3272962 2 4264
3832317 3 4890
5411721 0 4551
4396551 1 4576
3252732 2 4249
4226255 3 5135
5017920 0 4383
4727027 1 4742
4788532 2 5151
5043391 3 5606
2273487 0 2949
2273939 1 3287
2835889 2 3968
2805109 3 4181
2783034 0 3263
2775882 1 3637
2633935 2 3819
3004689 3 4326
2026191 0 2786
1803546 1 2932
2263539 2 3540
2269105 3 3763
1667886 0 2527
904090 1 2073
921326 2 2267
1370297 3 2920
1525625 0 2420
1562711 1 2728
1402639 2 2788
1175809 3 2715
1744374 0 2588
1349330 1 2528
1020091 2 2378
998525 3 2493
1111322 0 2064
1585585 1 2748
1638930 2 3010
1261822 3 2806
1068729 0 2020
1043037 1 2227
1346205 2 2730
1434209 3 2993
1844711 0 2656
1863875 1 2979
1510186 2 2890
2060826 3 3586
1787192 0 2614
2067343 1 3132
2022976 2 3353
1322113 3 2870
1855040 0 2664
2025159 1 3106
1610398 2 2988
2186863 3 3695
2517582 0 3103
2039221 1 3114
2131554 2 3438
3411342 3 4616
3811922 0 3820
3364683 1 3998
2815621 2 3951
3398618 3 4601
5015107 0 4383
3874211 1 4290
2692321 2 3861
3834483 3 4890
4576915 0 4186
4203754 1 4473
4087703 2 4762
4856853 3 5502
1444455 0 2355
1473266 1 2646
2042653 2 3363
2022467 3 3556
1905718 0 2705
1858763 1 2969
2130203 2 3438
2986993 3 4317
1988055 0 2762
1682369 1 2827
2193647 2 3485
2208319 3 3715
1586528 0 2465
798912 1 1950
848890 2 2166
1352110 3 2907
1516336 0 2411
2046877 1 3123
1902495 2 3246
1736676 3 3292
2295760 0 2964
1892037 1 2997
1566981 2 2945
1561277 3 3123
1672457 0 2527
2120749 1 3176
2181739 2 3476
1741013 3 3292
1589092 0 2465
1636068 1 2788
1509488 2 2890
1575751 3 3134
1927558 0 2714
1892053 1 2997
1536233 2 2923
2033657 3 3566
1729057 0 2571
2030277 1 3106
2000112 2 3334
1276628 3 2819
1854791 0 2664
2014615 1 3097
1595258 2 2978
2037940 3 3566
2463760 0 3074
1936490 1 3034
2044785 2 3372
3400510 3 4609
3841101 0 3838
2924360 1 3727
2307630 2 3576
3354444 3 4577
4980059 0 4367
3784218 1 4245
2584309 2 3785
3643213 3 4770
4855361 0 4311
4464168 1 4606
3925254 2 4667
4703861 3 5416
1275118 0 2209
1305202 1 2495
1887456 2 3236
1895175 3 3442
1766470 0 2605
1706337 1 2846
1992838 2 3324
2859385 3 4224
1949715 0 2730
1738524 1 2875
2259249 2 3540
2304946 3 3792
1729704 0 2571
872306 1 2033
943548 2 2281
1390485 3 2944
1514583 0 2411
2061622 1 3132
1912274 2 3256
1806945 3 3357
2360557 0 3008
1976716 1 3070
1653501 2 3031
1607685 3 3169
1724449 0 2571
2193624 1 3227
2257107 2 3540
1806913 3 3357
1670920 0 2527
1670550 1 2817
1578299 2 2956
1609805 3 3169
1985544 0 2754
2033112 1 3114
1637301 2 3010
2109623 3 3626
2262675 0 2941
2497797 1 3450
2443256 2 3682
1715999 3 3270
2359124 0 3008
2536051 1 3474
2106979 2 3420
2535371 3 3978
2966685 0 3370
2447753 1 3410
2552613 2 3760
3794283 3 4868
3780462 0 3803
2930373 1 3734
2283990 2 3558
3333659 3 4561
4918337 0 4342
3283037 1 3949
2051828 2 3372
3033928 3 4351
4306291 0 4062
3870467 1 4290
3392179 2 4339
3690927 3 4801
1081224 0 2031
1090842 1 2276
1690547 2 3063
1676214 3 3237
1568890 0 2447
1503376 1 2677
1901541 2 3246
2816337 3 4190
1881551 0 2681
1662391 1 2817
2186417 2 3485
2338602 3 3820
2271893 0 2949
1423968 1 2604
1460094 2 2845
1410366 3 2969
1497198 0 2392
1999246 1 3088
1826857 2 3186
1802364 3 3357
2344183 0 2993
1959944 1 3052
1619562 2 2999
1556053 3 3111
1642306 0 2510
2112142 1 3167
2191478 2 3485
1685231 3 3237
1565011 0 2447
1136001 1 2324
1080354 2 2444
1172669 3 2701
2042020 0 2794
2153257 1 3202
1753554 2 3115
2253860 3 3753
2368118 0 3008
2576219 1 3498
2325684 2 3594
1605856 3 3169
2198077 0 2903
2360551 1 3353
1915675 2 3256
2397527 3 3867
2889837 0 3323
2393500 1 3378
2480875 2 3708
3662011 3 4778
3606116 0 3714
2337966 1 3337
1613213 2 2988
2845602 3 4216
4431330 0 4122
2775305 1 3637
1044289 2 2405
2059776 3 3586
3314285 0 3562
2914298 1 3727
2415125 2 3665
2711791 3 4112
1034090 0 1987
1013356 1 2190
1698276 2 3073
1737792 3 3292
1701445 0 2554
1632537 1 2788
2008802 2 3334
2932537 3 4275
1947711 0 2730
1726247 1 2866
2271946 2 3549
2373495 3 3848
2563144 0 3131
1808469 1 2932
1766867 2 3135
1739441 3 3292
1771865 0 2605
2256627 1 3278
2099848 2 3410
2060586 3 3586
2587665 0 3145
2211430 1 3244
2277474 2 3558
2193847 3 3695
2264053 0 2941
2728153 1 3606
2867212 2 3992
2399737 3 3867
2287560 0 2956
1653092 1 2807
1608089 2 2988
1709344 3 3270
2577235 0 3138
3180944 1 3893
2766320 2 3919
2749921 3 4138
2860177 0 3310
3080492 1 3829
2428600 2 3673
1701951 3 3259
2297433 0 2964
2448230 1 3410
2465485 2 3699
2862038 3 4224
3374086 0 3593
2796044 1 3644
2859599 2 3984
4081139 3 5043
4116434 0 3968
2845525 1 3682
1612530 2 2988
3390830 3 4601
5012546 0 4383
3401188 1 4025
1687271 2 3063
2221147 3 3724
3483478 0 3654
3047834 1 3807
2548732 2 3760
2852679 3 4216
2184693 0 2895
2057175 1 3132
2683097 2 3861
2769740 3 4155
2268685 0 2949
2210318 1 3244
2585774 2 3785
3531727 3 4694
2547615 0 3124
2322304 1 3320
2877081 2 3992
3069568 3 4375
3262102 0 3537
2192702 1 3227
1729274 2 3094
1708306 3 3259
1634020 0 2501
2127088 1 3184
2019597 2 3344
1940032 3 3473
2420341 0 3045
1970135 1 3061
2018583 2 3344
1928712 3 3473
2020593 0 2778
2498906 1 3450
2589301 2 3794
2566071 3 4005
2417130 0 3045
1783498 1 2913
1724404 2 3094
1810881 3 3357
2660519 0 3194
3267277 1 3942
2876169 2 3992
2703895 3 4103
2830946 0 3290
2909789 1 3719
2252334 2 3531
1518393 3 3076
2109441 0 2841
2191607 1 3227
2195098 2 3494
2538958 3 3978
3083817 0 3435
2535372 1 3474
2668192 2 3844
3936919 3 4956
4047011 0 3935
2856878 1 3689
1656812 2 3031
3553358 3 4709
5281065 0 4498
3715647 1 4206
2104989 2 3420
2618241 3 4041
3864565 0 3849
3402635 1 4025
3005719 2 4079
3303771 3 4538
2032368 0 2786
1898361 1 3006
2461659 2 3699
2565526 3 3996
2159877 0 2872
2094051 1 3158
2493466 2 3717
3449645 3 4640
2420503 0 3045
2238559 1 3261
2816887 2 3951
3043332 3 4359
3224952 0 3512
2228155 1 3253
1537562 2 2923
1536205 3 3100
1458620 0 2364
1955071 1 3052
1860826 2 3216
1825694 3 3379
1820149 0 2639
1298692 1 2484
1345512 2 2730
1259331 3 2806
1363742 0 2288
1885120 1 2997
1998243 2 3334
2192173 3 3695
1978369 0 2754
1376225 1 2561
1229715 2 2610
1319259 3 2870
2148319 0 2865
2794710 1 3644
2575312 2 3777
1962415 3 3494
2050220 0 2802
2562362 1 3490
1932963 2 3276
1212672 3 2754
1250815 0 2189
1400203 1 2582
1357306 2 2742
1711279 3 3270
2263287 0 2941
1713082 1 2856
1844657 2 3196
2958131 3 4292
3596496 0 3708
2390805 1 3369
1149915 2 2522
3070896 3 4375
4797629 0 4285
3720250 1 4206
2552948 2 3760
3079985 3 4384
4267589 0 4040
4255909 1 4497
3868931 2 4633
4255039 3 5149
1088623 0 2042
834178 1 1992
1929786 2 3276
1966299 3 3504
1573580 0 2456
1477631 1 2656
1870852 2 3226
2867649 3 4233
1815231 0 2639
1530192 1 2697
2109899 2 3420
2911536 3 4258
3054741 0 3422
2266629 1 3287
1680663 2 3052
1681054 3 3237
1673996 0 2536
2191963 1 3227
2136940 2 3438
2094637 3 3616
1991518 0 2762
1510879 1 2677
1416477 2 2800
1347172 3 2895
1268197 0 2199
1800532 1 2923
2049939 2 3372
2207858 3 3715
2040735 0 2794
1458548 1 2635
1097704 2 2471
1430481 3 2981
2211998 0 2911
2903679 1 3719
2590868 2 3794
1990339 3 3525
2065744 0 2810
2506813 1 3450
1895247 2 3246
1307491 3 2857
1428678 0 2336
1747935 1 2885
1655277 2 3031
2010611 3 3545
2576492 0 3138
2077993 1 3141
2202651 2 3494
3344598 3 4569
3756523 0 3791
2572756 1 3498
1405709 2 2788
3236550 3 4490
4975499 0 4367
4227606 1 4485
3302271 2 4279
3832138 3 4890
4909944 0 4337
4896128 1 4828
4535014 2 5019
4923188 3 5541
1277987 0 2209
1050843 1 2239
2081587 2 3401
2099507 3 3616
1691562 0 2545
1508317 1 2677
1881339 2 3226
2877695 3 4233
1846099 0 2656
1535079 1 2707
2102942 2 3420
2821885 3 4198
2930252 0 3350
2180382 1 3219
1590683 2 2967
1552543 3 3111
1594705 0 2474
2122505 1 3176
2131781 2 3438
2149785 3 3666
2051571 0 2802
1732888 1 2875
1639132 2 3021
1566812 3 3123
1513061 0 2411
2085090 1 3150
2361638 2 3620
2515306 3 3959
2342621 0 2993
1781393 1 2913
1372747 2 2765
1694126 3 3248
2203378 0 2903
2806575 1 3652
2388397 2 3638
1770159 3 3325
1835759 0 2647
2260024 1 3278
1598654 2 2978
1038436 3 2550
1197263 0 2138
1544263 1 2707
1474795 2 2857
1831708 3 3379
2431308 0 3052
1845044 1 2960
1917588 2 3266
3147596 3 4433
3584666 0 3702
2581869 1 3506
1458018 2 2845
2863427 3 4224
4238015 0 4029
3582047 1 4127
2795401 2 3935
3326541 3 4553
4333600 0 4073
4221729 1 4479
3780901 2 4577
4151228 3 5086
1356378 0 2278
1123548 1 2312
2166230 2 3466
2206831 3 3715
1776232 0 2605
1510724 1 2677
1861366 2 3216
2862064 3 4224
1839337 0 2656
1299227 1 2484
1890818 2 3236
2628514 3 4050
2703585 0 3215
2026014 1 3106
1439822 2 2823
1215684 3 2754
1236472 0 2179
1666596 1 2817
1677310 2 3052
1760417 3 3314
1671234 0 2527
1522650 1 2687
1467353 2 2857
1372886 3 2932
1355076 0 2278
1901489 1 3006
2402301 2 3647
2549922 3 3987
2544836 0 3124
1976759 1 3070
1445024 2 2834
1744487 3 3303
2182112 0 2888
2549690 1 3482
2149886 2 3457
1471343 3 3029
1644751 0 2510
2071197 1 3141
1354063 2 2742
724816 3 2133
901968 0 1860
1234566 1 2428
1173304 2 2547
1501161 3 3065
2115240 0 2849
1487604 1 2656
1838698 2 3196
3039473 3 4351
3409418 0 3611
2830387 1 3667
1792882 2 3156
2710324 3 4112
3627472 0 3726
2959961 1 3756
2164434 2 3466
2665109 3 4076
3733573 0 3779
3600633 1 4140
3577633 2 4456
3934646 3 4956
2128758 0 2857
1892849 1 2997
2955596 2 4048
3071590 3 4375
2663155 0 3194
2381232 1 3369
2269632 2 3549
2830596 3 4198
1791870 0 2622
1267906 1 2451
1924502 2 3266
2705037 3 4112
3238573 0 3524
2799087 1 3652
2208940 2 3503
1896396 3 3442
1891545 0 2689
2317953 1 3320
2353946 2 3612
2230915 3 3734
2125643 0 2857
2055475 1 3123
1978741 2 3315
1820190 3 3368
1801282 0 2631
1898236 1 3006
2406975 2 3656
2562758 3 3996
2625728 0 3173
2052324 1 3123
1310807 2 2695
1836586 3 3389
2261861 0 2941
2639083 1 3545
2163144 2 3466
1488230 3 3041
1864018 0 2672
2269111 1 3287
1554753 2 2934
945164 3 2434
1163152 0 2106
1448654 1 2625
1310223 2 2695
1649471 3 3203
2301882 0 2971
1769952 1 2904
2129475 2 3438
3268926 3 4514
3315428 0 3562
2757285 1 3622
1778770 2 3146
2546719 3 3987
3297594 0 3556
2613225 1 3529
1791250 2 3156
2309720 3 3792
3419922 0 3617
3279093 1 3949
3286340 2 4272
3654153 3 4770
2134619 0 2857
1894771 1 3006
2974773 2 4064
3144646 3 4425
2741503 0 3242
2468501 1 3426
2334408 2 3603
2889562 3 4241
1827067 0 2647
1303288 1 2495
1995140 2 3324
2809742 3 4190
3333927 0 3574
2877545 1 3697
2286211 2 3558
1905313 3 3442
1839047 0 2656
2302393 1 3312
2364320 2 3620
2144706 3 3656
1972456 0 2746
1808813 1 2932
1756372 2 3125
1574481 3 3134
1552524 0 2438
1700095 1 2846
2227136 2 3512
2415283 3 3886
2561553 0 3131
2005878 1 3088
1285733 2 2671
1819167 3 3368
2206156 0 2903
2645235 1 3545
2212814 2 3503
1526324 3 3088
1977613 0 2754
2412925 1 3386
1700829 2 3073
1202790 3 2741
1380411 0 2298
1673156 1 2817
1441703 2 2823
1737292 3 3292
2370100 0 3016
1816912 1 2941
2222731 2 3512
2863269 3 4224
2900084 0 3330
2372754 1 3361
1402486 2 2788
2176227 3 3685
2808075 0 3276
2100850 1 3158
1233830 2 2622
1795782 3 3346
2458357 0 3067
2374203 1 3361
2321345 2 3585
2752439 3 4147
4125280 0 3974
3882319 1 4297
4539583 2 5019
4777076 3 5456
3432766 0 3624
3117510 1 3850
2928656 2 4032
3485735 3 4663
2899718 0 3330
2348929 1 3345
2554897 2 3768
2936080 3 4275
3438656 0 3630
2528774 1 3466
1949943 2 3285
1433423 3 2993
1275434 0 2209
1688983 1 2837
1758604 2 3125
1918010 3 3463
1723850 0 2571
1554868 1 2717
1557963 2 2945
1380768 3 2932
1342939 0 2268
1482413 1 2656
2031826 2 3353
2641842 3 4058
2928923 0 3350
2378427 1 3361
1694636 2 3063
2266651 3 3763
2185479 0 2895
2423631 1 3394
1970446 2 3305
1161207 3 2688
1833486 0 2647
2350192 1 3345
1662722 2 3042
1627971 3 3192
1793924 0 2622
2083052 1 3150
1750046 2 3115
2010676 3 3545
2610372 0 3159
2509128 1 3458
3128496 2 4165
3670914 3 4785
3627815 0 3726
3136440 1 3865
2175207 2 3476
2987612 3 4317
3230215 0 3518
2621791 1 3529
1884147 2 3236
2391641 3 3858
3012539 0 3396
2942283 1 3741
2515065 2 3734
2974612 3 4309
4337151 0 4073
4067937 1 4398
4730645 2 5120
4925703 3 5541
3566252 0 3696
3256096 1 3935
2974270 2 4064
3511966 3 4679
2935237 0 3350
2374801 1 3361
2543868 2 3760
2863718 3 4224
3590118 0 3708
2752352 1 3622
2138260 2 3448
1641595 3 3203
1438695 0 2345
1905483 1 3015
2031505 2 3353
2225424 3 3724
1995630 0 2762
1792010 1 2923
1811867 2 3166
1641944 3 3203
1641329 0 2510
1787040 1 2913
2281412 2 3558
2879027 3 4241
3125049 0 3461
2419855 1 3394
1798081 2 3156
2332752 3 3811
2247992 0 2934
2948312 1 3749
2505241 2 3725
1697609 3 3259
2347317 0 3001
2759366 1 3622
2197560 2 3494
2146235 3 3656
2353539 0 3001
2666190 1 3560
2377182 2 3629
2600464 3 4032
3150695 0 3474
2986215 1 3771
3976985 2 4695
4488086 3 5288
4416773 0 4111
4041512 1 4386
3152550 2 4181
3899557 3 4934
4184627 0 4002
3657529 1 4173
3075854 2 4134
3463492 3 4648
4114025 0 3968
4359746 1 4552
4130315 2 4789
4059591 3 5028
2725647 0 3229
2266632 1 3287
3387517 2 4331
3493047 3 4671
2556969 0 3131
2279074 1 3295
2030099 2 3353
2065538 3 3586
1484713 0 2383
908089 1 2073
1086833 2 2458
2313358 3 3801
3481316 0 3654
3022006 1 3793
2498943 2 3725
1982716 3 3515
1742928 0 2579
1786603 1 2913
1941121 2 3285
2144872 3 3656
1847859 0 2664
1683627 1 2827
1720745 2 3094
1566865 3 3123
1568110 0 2447
1701709 1 2846
2225614 2 3512
2840430 3 4207
3023713 0 3403
1850123 1 2969
1241294 2 2622
1826630 3 3379
1715084 0 2562
2636499 1 3545
2638744 2 3827
1837522 3 3389
2411019 0 3038
2411000 1 3386
1815745 2 3176
1765839 3 3314
1946558 0 2730
2382468 1 3369
2082638 2 3401
1827913 3 3379
2380698 0 3023
2195765 1 3236
3283759 2 4264
3870489 3 4912
3811589 0 3820
3836985 1 4271
2797891 2 3943
3572656 3 4717
3935988 0 3884
3245388 1 3928
2959808 2 4056
3411231 3 4609
4010498 0 3918
4290501 1 4516
4340023 2 4909
4272228 3 5163
2544109 0 3124
2043116 1 3114
3138735 2 4173
3233799 3 4490
2349157 0 3001
2089008 1 3150
1935851 2 3276
1977335 3 3515
1430419 0 2336
893886 1 2060
1063813 2 2431
2203406 3 3705
3414204 0 3617
2902326 1 3719
2205951 2 3494
1698374 3 3259
1461600 0 2364
1454240 1 2635
1630222 2 3010
1860555 3 3410
1602823 0 2474
1464070 1 2635
1473345 2 2857
1257788 3 2806
1268846 0 2209
1348569 1 2528
1943095 2 3285
2799673 3 4181
3019001 0 3403
1749417 1 2885
1100176 2 2471
1700198 3 3259
1536511 0 2429
2628424 1 3537
2650988 2 3836
1320935 3 2870
2375359 0 3016
2390119 1 3369
1798418 2 3156
1787607 3 3335
1898972 0 2697
2404625 1 3386
2103927 2 3420
1919318 3 3463
1970716 0 2746
1806862 1 2932
2920790 2 4024
3452037 3 4640
3914344 0 3872
3899988 1 4310
2662535 2 3844
3498106 3 4671
3875269 0 3855
2747858 1 3614
2393243 2 3647
2388218 3 3858
2829414 0 3290
3119575 1 3850
3065158 2 4126
3009238 3 4334
1547703 0 2438
991091 1 2177
2046041 2 3372
2127256 3 3646
1145505 0 2096
936318 1 2113
847780 2 2166
825151 3 2265
793047 0 1737
761004 1 1907
937786 2 2281
2107909 3 3626
3336757 0 3574
2802267 1 3652
1654396 2 3031
1222058 3 2767
1003655 0 1964
1025822 1 2215
1198780 2 2573
1466491 3 3029
1241234 0 2179
1110085 1 2300
1132113 2 2509
907987 3 2374
924883 0 1884
973748 1 2152
1559795 2 2945
2835116 3 4207
3080639 0 3435
1849230 1 2969
1215935 2 2597
1767236 3 3325
1480600 0 2383
2468223 1 3426
2541332 2 3751
1080777 3 2592
2358009 0 3008
2392950 1 3378
1942903 2 3285
1935299 3 3473
2028549 0 2786
2542743 1 3482
2244134 2 3531
1976093 3 3515
2031120 0 2786
1879812 1 2988
3064242 2 4126
3200530 3 4465
3820547 0 3826
3833149 1 4271
2548057 2 3760
3282793 3 4522
3694229 0 3762
2288511 1 3303
1868178 2 3216
1832433 3 3379
1841468 0 2656
2136593 1 3184
2005068 2 3334
1964488 3 3504
