0 29 17978 53926 24376 214
1 25 16649 51895 21292 204
4 29 18123 53445 24592 213
4 64 17494 63146 7143 240
8 30 17922 54318 25118 215
12 40 16960 58304 21959 224
16 38 16732 55508 24488 215
19 39 20716 54884 23267 225
21 66 17846 62122 8201 238
22 47 22720 57584 21626 239
28 94 16930 60686 17075 231
31 1 18747 50469 23934 206
34 0 22455 51465 21944 220
34 5 24268 52004 22656 227
38 3 20255 53665 24003 220
39 6 18906 54342 23416 218
39 9 17236 53324 23722 210
40 55 18794 56134 21795 223
42 10 18031 54545 22868 216
44 57 20648 55960 22638 228
45 94 16808 60472 14982 230
47 59 22902 56058 22600 235
49 13 17933 56323 25162 221
51 59 16744 55832 24511 216
54 17 23646 54642 20895 233
54 20 19591 53993 23601 219
58 20 18255 54657 22821 217
59 41 23081 45799 7310 205
59 44 19199 46657 10766 196
59 70 16808 59800 15295 228
61 16 27793 56879 16901 252
61 24 20508 53748 23884 221
65 66 22060 56228 27213 233
67 24 16748 54820 21663 213
68 27 19407 54849 21581 221
69 70 22045 56915 25267 235
71 28 16483 56093 23800 216
71 66 20172 54420 30670 222
72 74 19868 58084 25424 232
73 31 20373 54219 25151 222
75 74 20569 57047 25094 231
76 69 20080 55520 28021 225
76 79 18051 60237 21750 233
80 73 18631 55625 28278 221
81 29 16901 57691 25918 222
81 32 20271 58017 30360 233
81 77 17602 56654 29284 221
83 80 18105 58167 26861 227
90 36 26248 58760 31725 253
92 43 30629 54379 27856 253
93 29 20953 62039 15751 247
93 83 16124 58132 22861 221
93 87 16194 59742 19194 226
95 26 20805 62523 11088 248
