0 29 -34979 0
1 25 -20272 0
4 29 -34466 0
4 64 -33407 0
8 30 -39483 0
12 40 -48137 0
16 38 -45221 0
19 39 -36300 0
21 66 -44881 0
22 47 -40352 0
28 94 -47205 0
31 1 -38331 0
34 0 -25350 0
34 5 -25891 0
38 3 -34069 0
39 6 -37771 0
39 9 -37535 0
40 55 -37415 0
42 10 -33240 0
44 57 -37598 0
45 94 -41399 0
47 59 -44023 0
49 13 -40066 0
51 59 -48348 0
54 17 -36436 0
54 20 -39169 0
58 20 -39711 0
59 41 -65621 0
59 44 -56398 0
59 70 -40365 0
61 16 -29140 0
61 24 -40331 0
65 66 -43399 0
67 24 -38031 0
68 27 -40546 0
69 70 -39986 0
71 28 -33701 0
71 66 -31263 0
72 74 -44899 0
73 31 -37257 0
75 74 -47674 0
76 69 -37336 0
76 79 -49803 0
80 73 -38592 0
81 29 -38825 0
81 32 -31505 0
81 77 -46416 0
83 80 -52234 0
90 36 -20108 0
92 43 -4439 1
93 29 -40934 0
93 83 -39567 0
93 87 -41003 0
95 26 -31230 0
