125
125
125
125
125
125
125
125
125
125
125
125
125
125
125
125
125
107
53
153
115
137
146
91
52
172
96
131
149
115
68
101
125
125
125
125
125
125
125
125
125
125
125
125
125
125
125
125
125
107
53
153
115
137
146
91
52
172
96
131
149
115
68
101
125
125
125
125
125
125
125
125
125
125
125
125
125
125
125
125
125
107
53
153
115
137
146
91
52
172
96
131
149
115
68
101
125
125
125
125
125
125
125
125
125
125
125
125
125
125
125
125
125
107
53
153
115
137
146
91
52
172
96
131
149
115
68
101
125
125
125
125
125
125
125
125
125
125
125
125
125
125
125
125
125
107
53
153
115
137
146
91
52
172
96
131
149
115
68
101
125
125
125
125
125
125
125
125
125
125
125
125
125
125
125
125
125
107
53
153
115
137
146
91
52
172
96
131
149
115
68
101
125
125
125
125
125
125
125
125
125
125
125
125
125
125
125
125
125
107
53
153
115
137
146
91
52
172
96
131
149
115
68
101
125
125
125
125
125
125
125
125
125
125
125
125
125
125
125
125
125
107
53
153
115
137
146
91
52
172
96
131
149
115
68
101
125
125
125
125
125
125
125
125
125
125
125
125
125
125
125
125
125
107
53
153
115
137
146
91
52
172
96
131
149
115
68
101
125
125
125
125
125
125
125
125
125
125
125
125
125
125
125
125
125
107
53
153
115
137
146
91
52
172
96
131
149
115
68
101
125
125
125
125
125
125
125
125
125
125
125
125
125
125
125
125
125
107
53
153
115
137
146
91
52
172
96
131
149
115
68
101
125
125
125
125
125
125
125
125
125
125
125
125
125
125
125
125
125
107
53
153
115
137
146
91
52
172
96
131
149
115
68
101
125
125
125
125
125
125
125
125
125
125
125
125
125
125
125
125
125
107
53
153
115
137
146
91
52
172
96
131
149
115
68
101
125
125
125
125
125
125
125
125
125
125
125
125
125
125
125
125
125
107
53
153
115
137
146
91
52
172
96
131
149
115
68
101
125
125
125
125
125
125
125
125
125
125
125
125
125
125
125
125
125
107
53
153
115
137
146
91
52
172
96
131
149
115
68
101
125
125
125
125
125
125
125
125
125
125
125
125
125
125
125
125
125
107
53
153
115
137
146
91
52
172
96
131
149
115
68
101
125
125
125
125
125
125
125
125
125
125
125
125
125
125
125
125
125
107
53
153
115
137
146
91
52
172
96
131
149
115
68
101
139
139
139
139
139
139
139
139
139
139
139
139
139
139
139
139
139
69
96
94
74
166
116
112
144
141
132
142
162
151
176
153
114
114
114
114
114
114
114
114
114
114
114
114
114
114
114
114
114
96
171
116
46
113
133
147
168
112
118
176
144
84
71
165
165
165
165
165
165
165
165
165
165
165
165
165
165
165
165
165
165
135
144
161
120
121
52
151
152
86
158
117
70
106
84
89
177
177
177
177
177
177
177
177
177
177
177
177
177
177
177
177
177
99
166
159
185
173
45
123
88
170
95
192
144
83
97
138
177
177
177
177
177
177
177
177
177
177
177
177
177
177
177
177
177
77
111
115
147
149
164
111
87
128
91
91
138
145
132
142
118
118
118
118
118
118
118
118
118
118
118
118
118
118
118
118
118
118
50
155
165
146
137
101
55
97
105
182
217
141
38
200
159
159
159
159
159
159
159
159
159
159
159
159
159
159
159
159
159
170
64
99
190
102
107
57
114
97
59
65
156
72
172
75
120
120
120
120
120
120
120
120
120
120
120
120
120
120
120
120
120
162
74
159
107
80
153
123
121
175
146
39
93
64
93
172
129
129
129
129
129
129
129
129
129
129
129
129
129
129
129
129
129
142
186
104
125
131
78
101
142
180
143
87
81
134
142
126
100
100
100
100
100
100
100
100
100
100
100
100
100
100
100
100
100
162
70
160
183
113
151
140
167
180
183
42
86
167
211
111
92
92
92
92
92
92
92
92
92
92
92
92
92
92
92
92
92
149
177
127
70
199
155
121
92
129
182
150
161
149
109
49
131
131
131
131
131
131
131
131
131
131
131
131
131
131
131
131
131
97
123
127
175
83
128
102
113
142
173
117
147
116
135
117
115
115
115
115
115
115
115
115
115
115
115
115
115
115
115
115
115
131
148
137
127
136
134
116
93
80
84
160
63
142
163
70
139
139
139
139
139
139
139
139
139
139
139
139
139
139
139
139
139
149
112
148
61
137
131
136
57
161
136
80
147
90
133
137
101
101
101
101
101
101
101
101
101
101
101
101
101
101
101
101
101
158
111
85
94
107
174
109
99
76
87
69
180
96
127
117
125
139
153
37
167
74
158
122
184
120
176
127
113
126
120
78
113
113
113
113
113
113
113
113
113
113
113
113
113
113
113
113
133
109
140
92
177
110
205
64
124
163
110
217
116
184
99
147
192
192
192
192
192
192
192
192
192
192
192
192
192
192
192
192
161
112
160
82
112
63
127
54
148
211
99
120
184
125
158
87
136
136
136
136
136
136
136
136
136
136
136
136
136
136
136
136
111
192
117
101
132
167
102
168
169
154
167
107
215
124
84
123
124
124
124
124
124
124
124
124
124
124
124
124
124
124
124
124
154
120
148
141
141
71
101
145
74
158
111
205
130
137
129
102
110
110
110
110
110
110
110
110
110
110
110
110
110
110
110
110
232
124
126
155
104
127
166
112
115
187
139
142
136
204
113
147
100
100
100
100
100
100
100
100
100
100
100
100
100
100
100
100
93
151
143
152
143
132
173
138
135
149
101
116
134
133
144
108
118
118
118
118
118
118
118
118
118
118
118
118
118
118
118
118
114
67
61
90
117
74
179
95
120
88
147
163
140
100
134
55
178
178
178
178
178
178
178
178
178
178
178
178
178
178
178
178
84
63
150
191
135
157
118
169
136
163
141
112
131
140
135
72
148
148
148
148
148
148
148
148
148
148
148
148
148
148
148
148
203
158
96
117
150
148
131
125
149
47
159
158
97
137
130
115
124
124
124
124
124
124
124
124
124
124
124
124
124
124
124
124
189
82
93
96
79
109
168
148
129
150
153
120
123
134
134
161
146
146
146
146
146
146
146
146
146
146
146
146
146
146
146
146
156
128
124
140
106
177
171
99
149
176
95
153
83
135
164
140
114
114
114
114
114
114
114
114
114
114
114
114
114
114
114
114
111
158
145
134
89
155
96
86
172
82
104
89
145
110
52
181
187
187
187
187
187
187
187
187
187
187
187
187
187
187
187
187
85
94
86
124
177
99
135
95
165
89
120
157
113
81
148
151
102
102
102
102
102
102
102
102
102
102
102
102
102
102
102
102
91
148
167
155
67
133
90
95
103
74
141
123
135
151
95
150
150
150
150
150
150
150
150
150
150
150
150
150
150
150
150
150
120
104
183
119
86
163
76
176
136
80
151
169
152
66
90
158
120
120
120
120
120
120
120
120
120
120
120
120
120
120
120
120
117
154
136
122
153
171
135
90
168
110
124
169
110
156
141
159
79
79
79
79
79
79
79
79
79
79
79
79
79
79
79
79
117
154
136
122
153
171
135
90
168
110
124
169
110
156
141
159
79
79
79
79
79
79
79
79
79
79
79
79
79
79
79
79
117
154
136
122
153
171
135
90
168
110
124
169
110
156
141
159
79
79
79
79
79
79
79
79
79
79
79
79
79
79
79
79
117
154
136
122
153
171
135
90
168
110
124
169
110
156
141
159
79
79
79
79
79
79
79
79
79
79
79
79
79
79
79
79
117
154
136
122
153
171
135
90
168
110
124
169
110
156
141
159
79
79
79
79
79
79
79
79
79
79
79
79
79
79
79
79
117
154
136
122
153
171
135
90
168
110
124
169
110
156
141
159
79
79
79
79
79
79
79
79
79
79
79
79
79
79
79
79
117
154
136
122
153
171
135
90
168
110
124
169
110
156
141
159
79
79
79
79
79
79
79
79
79
79
79
79
79
79
79
79
117
154
136
122
153
171
135
90
168
110
124
169
110
156
141
159
79
79
79
79
79
79
79
79
79
79
79
79
79
79
79
79
117
154
136
122
153
171
135
90
168
110
124
169
110
156
141
159
79
79
79
79
79
79
79
79
79
79
79
79
79
79
79
79
117
154
136
122
153
171
135
90
168
110
124
169
110
156
141
159
79
79
79
79
79
79
79
79
79
79
79
79
79
79
79
79
117
154
136
122
153
171
135
90
168
110
124
169
110
156
141
159
79
79
79
79
79
79
79
79
79
79
79
79
79
79
79
79
117
154
136
122
153
171
135
90
168
110
124
169
110
156
141
159
79
79
79
79
79
79
79
79
79
79
79
79
79
79
79
79
117
154
136
122
153
171
135
90
168
110
124
169
110
156
141
159
79
79
79
79
79
79
79
79
79
79
79
79
79
79
79
79
117
154
136
122
153
171
135
90
168
110
124
169
110
156
141
159
79
79
79
79
79
79
79
79
79
79
79
79
79
79
79
79
117
154
136
122
153
171
135
90
168
110
124
169
110
156
141
159
79
79
79
79
79
79
79
79
79
79
79
79
79
79
79
79
117
154
136
122
153
171
135
90
168
110
124
169
110
156
141
159
79
79
79
79
79
79
79
79
79
79
79
79
79
79
79
79
109
105
66
114
171
118
189
134
79
130
106
138
149
81
99
118
125
167
115
118
121
194
182
157
180
152
182
153
71
170
153
189
154
86
69
124
116
171
94
141
72
108
154
118
141
152
118
109
128
57
69
113
175
157
136
119
141
145
167
110
163
203
128
120
146
97
81
220
87
150
119
105
108
85
86
85
159
193
227
143
72
94
143
107
134
204
87
83
141
200
136
92
80
160
75
98
158
70
147
183
166
169
152
185
79
99
217
117
92
171
171
109
118
81
121
152
132
154
140
157
159
49
96
75
79
163
153
59
158
108
152
115
144
82
121
99
70
106
222
143
206
162
86
74
151
77
89
114
150
58
135
164
157
147
177
118
172
73
134
131
97
168
97
140
165
126
139
163
39
176
106
155
76
90
165
142
91
82
150
113
132
115
133
179
144
119
186
97
157
130
82
57
72
139
201
61
192
107
151
158
124
145
117
63
169
151
132
95
167
167
106
78
138
140
195
187
87
141
106
98
73
114
168
106
82
94
84
150
131
170
143
147
133
141
162
160
164
106
95
180
117
129
107
167
136
189
145
108
163
142
130
93
82
175
153
171
115
128
109
158
114
128
128
105
142
73
88
161
65
94
142
107
134
158
133
131
93
110
144
145
134
162
131
160
186
76
160
161
37
190
171
100
88
116
156
179
116
126
75
71
132
125
147
109
82
157
119
116
143
94
66
127
108
159
202
155
91
137
110
91
175
109
149
141
59
181
196
171
119
170
75
94
108
194
173
112
76
88
44
189
59
182
154
138
74
45
66
120
157
104
79
106
117
120
199
116
169
85
164
128
171
39
134
178
63
144
150
122
132
161
164
123
73
141
131
125
204
163
64
151
85
131
98
102
184
128
121
132
137
127
112
114
142
132
130
88
149
119
122
145
180
146
113
131
145
135
103
135
63
131
102
151
175
99
119
90
138
153
122
82
58
56
119
109
109
106
100
88
117
120
91
119
189
92
108
161
102
146
83
165
136
124
130
115
143
144
147
168
105
144
143
137
149
177
109
110
115
129
115
131
195
141
145
131
199
94
185
163
139
165
122
131
125
129
131
135
139
117
151
106
161
185
135
111
120
107
143
165
107
88
168
145
176
87
56
160
122
128
125
92
88
84
171
188
127
138
109
139
176
99
116
164
116
176
165
135
154
107
150
102
120
71
108
125
96
138
202
139
126
126
141
34
84
102
116
179
158
151
137
154
131
197
158
118
158
92
67
74
95
57
139
184
156
177
132
39
94
134
92
188
92
183
106
109
111
77
153
142
155
116
78
128
157
159
180
118
107
87
139
112
164
156
161
92
121
144
158
94
135
127
106
145
121
141
103
78
87
142
110
186
117
184
183
125
97
74
143
132
85
114
165
206
79
118
130
224
98
222
110
137
114
133
148
165
108
182
100
91
170
88
194
153
179
81
179
158
106
124
92
113
114
170
127
186
111
135
119
124
146
78
95
165
121
135
132
103
153
143
137
192
144
108
188
141
89
198
132
174
110
96
152
71
169
147
133
150
86
70
94
103
58
163
89
120
131
139
144
150
150
135
152
87
101
113
132
155
147
130
187
118
137
183
144
149
131
107
122
132
163
192
93
90
89
106
193
111
70
159
110
120
85
109
95
148
109
148
106
133
121
138
180
134
192
145
144
90
115
171
104
130
90
118
120
102
118
155
158
131
114
71
104
97
146
138
107
119
124
123
202
149
183
21
147
194
109
136
75
170
155
100
131
150
165
102
150
83
56
145
116
62
88
98
91
119
178
125
155
130
107
80
74
106
102
122
117
106
61
145
178
156
129
114
95
153
94
93
119
135
108
125
119
115
95
122
79
116
135
153
187
67
170
100
149
165
85
123
124
133
107
53
100
190
113
84
170
109
162
190
135
129
97
143
195
44
164
176
95
102
156
110
86
136
110
89
228
175
131
151
82
125
93
112
177
72
146
134
101
108
118
134
51
148
125
169
141
89
94
160
121
114
87
103
113
141
135
127
112
113
95
174
89
136
107
67
134
90
173
55
95
128
110
194
81
92
166
148
108
117
105
131
151
68
121
90
144
143
82
139
112
178
153
144
164
137
182
135
143
160
185
119
130
137
179
147
179
147
120
144
125
116
92
82
193
107
115
136
148
68
114
160
100
114
120
153
127
71
115
148
113
87
141
168
140
94
94
91
97
159
127
86
160
99
63
88
135
132
113
138
117
131
101
77
114
131
62
134
136
200
139
160
173
172
129
128
153
73
91
144
166
160
154
164
150
139
181
59
97
117
113
122
126
123
134
93
84
125
92
148
125
183
212
166
175
110
95
135
140
155
173
160
94
168
60
101
148
125
94
69
102
166
111
114
143
110
125
125
125
125
125
125
125
125
125
125
125
125
95
135
140
155
173
160
94
168
60
101
148
125
94
69
102
166
111
114
143
110
125
125
125
125
125
125
125
125
125
125
125
125
95
135
140
155
173
160
94
168
60
101
148
125
94
69
102
166
111
114
143
110
125
125
125
125
125
125
125
125
125
125
125
125
95
135
140
155
173
160
94
168
60
101
148
125
94
69
102
166
111
114
143
110
125
125
125
125
125
125
125
125
125
125
125
125
95
135
140
155
173
160
94
168
60
101
148
125
94
69
102
166
111
114
143
110
125
125
125
125
125
125
125
125
125
125
125
125
95
135
140
155
173
160
94
168
60
101
148
125
94
69
102
166
111
114
143
110
125
125
125
125
125
125
125
125
125
125
125
125
95
135
140
155
173
160
94
168
60
101
148
125
94
69
102
166
111
114
143
110
125
125
125
125
125
125
125
125
125
125
125
125
95
135
140
155
173
160
94
168
60
101
148
125
94
69
102
166
111
114
143
110
125
125
125
125
125
125
125
125
125
125
125
125
95
135
140
155
173
160
94
168
60
101
148
125
94
69
102
166
111
114
143
110
125
125
125
125
125
125
125
125
125
125
125
125
95
135
140
155
173
160
94
168
60
101
148
125
94
69
102
166
111
114
143
110
125
125
125
125
125
125
125
125
125
125
125
125
95
135
140
155
173
160
94
168
60
101
148
125
94
69
102
166
111
114
143
110
125
125
125
125
125
125
125
125
125
125
125
125
95
135
140
155
173
160
94
168
60
101
148
125
94
69
102
166
111
114
143
110
125
125
125
125
125
125
125
125
125
125
125
125
95
135
140
155
173
160
94
168
60
101
148
125
94
69
102
166
111
114
143
110
125
125
125
125
125
125
125
125
125
125
125
125
95
135
140
155
173
160
94
168
60
101
148
125
94
69
102
166
111
114
143
110
125
125
125
125
125
125
125
125
125
125
125
125
95
135
140
155
173
160
94
168
60
101
148
125
94
69
102
166
111
114
143
110
125
125
125
125
125
125
125
125
125
125
125
125
114
211
133
87
68
151
148
58
110
106
166
110
142
79
131
51
160
123
119
76
116
116
116
116
116
116
116
116
116
116
116
116
142
90
204
205
131
133
80
160
116
131
171
57
86
79
143
200
111
113
138
79
149
149
149
149
149
149
149
149
149
149
149
149
143
134
145
140
195
188
119
148
76
182
130
102
111
128
180
57
93
90
123
124
101
101
101
101
101
101
101
101
101
101
101
101
138
176
181
188
126
120
149
122
76
167
125
78
160
147
176
92
147
156
142
112
108
108
108
108
108
108
108
108
108
108
108
108
127
115
222
94
46
109
151
99
108
197
131
63
136
91
99
91
180
110
83
100
82
82
82
82
82
82
82
82
82
82
82
82
173
212
92
116
126
154
183
176
160
188
79
123
133
129
143
140
139
132
132
100
120
120
120
120
120
120
120
120
120
120
120
120
156
110
133
167
145
82
164
81
143
178
198
204
132
101
48
95
172
116
136
109
129
129
129
129
129
129
129
129
129
129
129
129
92
136
113
95
54
110
140
186
121
128
142
102
158
89
181
97
172
155
117
117
200
200
200
200
200
200
200
200
200
200
200
200
87
88
125
168
149
103
169
138
135
57
127
164
167
180
134
101
89
186
87
207
89
89
89
89
89
89
89
89
89
89
89
89
94
175
104
147
81
72
117
165
109
65
136
167
101
96
125
126
140
140
129
146
209
209
209
209
209
209
209
209
209
209
209
209
208
146
192
167
171
110
74
95
146
104
141
161
174
128
168
115
176
65
87
184
132
132
132
132
132
132
132
132
132
132
132
132
158
149
101
121
127
193
108
69
85
128
112
103
148
126
132
195
116
137
131
196
157
157
157
157
157
157
157
157
157
157
157
157
179
137
139
140
85
207
111
85
185
127
192
118
106
179
134
97
97
129
127
156
83
83
83
83
83
83
83
83
83
83
83
83
122
123
192
162
98
37
129
102
154
139
87
129
125
164
176
154
109
96
69
170
134
134
134
134
134
134
134
134
134
134
134
134
87
116
140
155
154
139
121
113
116
151
156
144
135
140
86
135
173
103
121
82
119
119
119
119
119
119
119
119
119
119
119
119
135
166
143
173
185
118
127
114
119
86
169
130
85
152
137
118
140
210
71
171
126
126
126
126
126
126
126
126
126
126
126
126
153
145
153
145
86
90
94
72
145
197
146
132
123
157
155
27
142
202
97
134
129
129
129
129
129
129
129
129
129
129
129
129
176
176
176
176
176
176
176
176
176
176
176
153
159
200
122
126
44
120
121
176
151
93
118
103
66
171
84
134
76
70
136
125
104
104
104
104
104
104
104
104
104
104
104
104
156
142
132
162
53
126
158
160
133
64
150
135
159
196
134
156
176
84
146
59
110
110
110
110
110
110
110
110
110
110
110
124
93
182
72
131
127
124
94
153
137
113
134
139
88
162
119
171
152
112
82
106
98
98
98
98
98
98
98
98
98
98
98
87
117
213
216
150
79
151
182
113
110
143
41
134
84
122
137
113
188
83
62
125
129
129
129
129
129
129
129
129
129
129
129
154
147
170
133
135
174
116
133
96
95
96
115
137
96
83
56
125
96
129
178
119
165
165
165
165
165
165
165
165
165
165
165
121
179
150
65
70
121
116
161
200
127
178
58
123
59
120
205
152
140
73
100
165
138
138
138
138
138
138
138
138
138
138
138
131
113
143
176
170
102
183
80
116
138
64
206
152
80
126
52
155
142
192
181
138
76
76
76
76
76
76
76
76
76
76
76
98
126
150
111
122
44
71
107
137
197
115
157
147
98
142
119
113
155
143
136
164
154
154
154
154
154
154
154
154
154
154
154
97
99
107
151
174
103
61
141
165
185
96
168
107
143
102
122
162
183
149
126
88
104
104
104
104
104
104
104
104
104
104
104
195
154
116
165
151
129
102
204
107
173
103
147
172
74
193
101
157
168
171
115
203
78
78
78
78
78
78
78
78
78
78
78
135
165
94
86
122
133
143
137
29
156
47
156
146
120
89
155
175
130
115
165
79
115
115
115
115
115
115
115
115
115
115
115
140
140
176
116
125
163
103
171
99
79
177
99
116
66
99
124
116
130
105
92
126
64
64
64
64
64
64
64
64
64
64
64
91
146
131
181
177
115
99
66
99
153
107
100
150
127
157
169
110
176
125
157
60
104
104
104
104
104
104
104
104
104
104
104
109
142
116
153
200
175
141
73
129
115
151
91
107
125
189
202
152
143
138
80
80
152
152
152
152
152
152
152
152
152
152
152
142
155
179
142
154
85
104
135
81
61
123
131
133
137
114
152
213
64
119
123
198
66
66
66
66
66
66
66
66
66
66
66
165
99
84
93
105
189
86
109
199
87
222
90
210
166
95
155
80
72
157
103
86
157
157
157
157
157
157
157
157
157
157
157
137
149
119
55
180
112
112
139
68
101
77
112
110
120
83
198
83
48
146
114
176
189
189
189
189
189
189
189
189
189
189
189
117
64
130
115
178
127
149
131
193
129
139
150
158
112
150
136
125
159
106
125
110
41
41
41
41
41
41
41
41
41
41
41
151
95
142
163
120
177
95
146
182
152
94
160
136
179
142
194
149
113
89
59
146
119
119
119
119
119
119
119
119
119
119
119
166
153
98
163
136
89
76
159
46
110
146
114
171
110
111
151
94
175
125
89
128
116
116
116
116
116
116
116
116
116
116
116
184
52
204
104
189
77
94
107
81
173
56
167
106
130
183
173
127
164
173
124
189
103
103
103
103
103
103
103
103
103
103
103
85
133
113
68
193
154
99
119
142
102
147
198
139
156
120
152
73
113
98
137
143
105
105
105
105
105
105
105
105
105
105
105
146
179
128
154
125
163
170
114
49
112
174
152
92
185
177
143
65
111
117
112
88
141
141
141
141
141
141
141
141
141
141
141
91
187
89
132
181
119
98
110
149
173
162
144
176
176
127
135
176
120
123
103
128
69
69
69
69
69
69
69
69
69
69
69
77
86
83
95
62
124
128
94
124
96
85
150
111
162
75
96
91
198
126
99
117
161
161
161
161
161
161
161
161
161
161
161
122
59
144
139
108
155
115
63
132
179
197
123
93
160
108
181
101
94
87
156
169
114
114
114
114
114
114
114
114
114
114
114
127
114
111
134
140
107
121
168
154
156
118
96
101
99
180
123
115
89
133
156
139
175
175
175
175
175
175
175
175
175
175
175
80
160
99
177
82
115
131
109
118
163
112
148
130
107
133
165
57
87
164
168
118
198
198
198
198
198
198
198
198
198
198
198
60
108
147
139
177
124
157
183
79
132
140
82
53
144
194
167
178
97
85
165
90
102
102
102
102
102
102
102
102
102
102
102
119
180
101
181
116
146
185
151
156
132
138
104
103
173
137
96
170
92
101
138
79
137
137
137
137
137
137
137
137
137
137
137
189
156
116
160
132
208
101
178
121
85
158
80
141
142
123
106
96
107
109
122
118
146
146
146
146
146
146
146
146
146
146
146
52
124
108
163
147
149
173
181
70
211
108
195
88
187
104
149
69
138
111
104
96
66
77
136
98
150
198
156
75
198
117
97
128
140
121
125
169
129
121
170
92
36
130
155
200
135
49
102
97
118
160
169
152
124
86
127
139
177
106
115
127
116
147
79
169
127
172
156
135
198
127
157
158
139
66
99
98
124
79
81
132
191
96
127
109
158
135
158
153
146
178
99
151
103
202
102
112
118
167
79
154
185
135
173
164
128
122
117
111
137
148
70
164
121
112
143
202
103
37
103
62
82
123
124
145
92
87
100
145
109
91
170
181
166
174
189
204
105
99
108
98
136
152
90
221
178
84
148
204
120
159
76
96
80
187
66
48
94
113
107
158
127
144
118
109
148
50
138
219
177
196
125
140
140
157
151
132
163
115
87
64
221
138
152
154
72
122
115
155
56
159
87
148
85
95
128
113
97
114
103
170
187
73
148
137
138
36
50
141
121
99
142
207
111
88
169
131
164
152
168
205
127
114
154
119
103
153
130
150
109
132
172
136
169
108
123
130
152
112
134
93
207
131
155
129
95
132
119
163
110
127
176
111
77
61
180
160
138
136
193
158
55
83
142
132
220
116
42
120
164
128
153
138
171
131
144
72
85
128
113
163
109
140
169
145
95
86
186
111
127
137
166
153
165
152
94
187
118
101
189
135
119
132
133
131
110
95
57
140
119
96
151
157
142
39
97
200
107
177
93
103
100
107
117
113
142
181
131
103
105
84
107
156
127
159
116
98
38
140
69
129
72
190
209
104
110
135
149
64
118
161
101
106
185
165
169
83
136
131
61
146
177
160
69
106
112
81
152
93
91
131
111
180
83
59
85
108
137
133
93
161
80
104
159
133
119
200
70
142
197
132
125
165
153
97
59
154
100
137
215
136
146
93
133
141
145
88
141
63
109
126
180
160
162
94
131
146
97
79
110
129
148
143
149
121
74
166
81
136
127
120
139
107
104
105
151
103
137
81
46
91
104
154
178
151
110
71
116
169
139
234
149
160
146
139
151
115
140
104
77
136
100
101
130
180
158
132
114
147
172
127
99
102
158
101
94
102
133
138
149
150
115
114
93
157
128
130
108
130
172
127
140
97
198
99
137
128
58
121
135
127
94
143
85
131
119
137
155
120
136
124
129
162
190
89
124
118
89
111
131
125
91
187
176
160
102
145
127
162
157
140
98
115
126
158
150
178
77
123
116
127
129
208
96
79
187
145
133
140
125
185
227
105
69
124
84
82
114
165
92
66
135
135
175
63
113
101
102
105
131
178
154
121
106
118
114
168
172
115
117
184
159
137
168
166
100
110
162
73
148
151
91
163
100
108
154
145
66
140
112
133
193
63
88
116
139
69
94
57
65
177
118
188
45
149
154
180
121
97
161
170
110
98
150
163
77
130
156
118
111
145
93
114
143
71
38
162
120
145
112
110
110
102
95
179
70
167
90
111
123
84
98
128
142
82
94
172
102
140
167
101
95
52
164
135
166
149
103
146
190
106
124
136
92
178
59
122
147
71
155
105
105
211
141
110
104
151
154
118
185
103
130
76
171
93
124
94
132
155
96
185
118
153
58
58
120
80
103
126
85
41
126
85
155
120
76
80
120
109
160
99
171
115
124
105
114
124
135
132
109
93
98
96
149
160
143
109
161
159
149
109
128
179
123
67
199
124
158
164
89
105
139
126
98
95
164
28
158
214
160
91
172
183
152
73
167
69
81
140
130
77
126
116
181
107
72
104
95
105
136
161
98
174
72
69
89
108
127
93
96
146
105
134
109
106
164
141
175
154
110
112
59
33
138
159
117
33
124
107
127
104
97
100
75
55
91
161
125
143
106
174
134
128
122
147
153
151
142
114
96
144
66
102
118
147
170
193
114
72
142
47
100
103
171
125
95
96
80
103
71
153
161
77
141
127
74
156
162
196
114
103
99
150
101
127
52
139
127
88
174
148
137
145
83
161
72
135
203
120
181
156
61
212
163
140
96
147
123
37
134
78
139
75
110
135
135
106
162
148
108
108
151
36
171
108
94
106
166
91
115
178
120
105
86
117
102
176
179
106
93
141
202
80
166
55
148
163
90
91
137
133
90
157
145
179
39
119
156
62
93
166
117
179
102
94
134
172
172
145
157
84
165
57
158
139
74
120
142
128
180
196
80
146
71
207
48
90
134
119
143
104
166
65
60
93
141
137
138
90
49
154
119
182
146
135
143
88
84
131
118
179
93
229
88
154
107
137
91
193
92
142
69
150
150
165
149
100
109
146
155
181
185
64
148
80
119
155
103
123
185
147
201
179
121
113
154
171
110
181
200
177
87
106
157
175
87
174
122
89
67
130
143
82
92
193
