93355568 14119523840 676 35477
95173403 14640260881 70 27425
85013455 11764469073 300 56436
92665404 13925426934 926 33349
91179214 13539716552 728 40938
94104286 14324591898 555 27974
74754276 9250560844 304 121227
70857782 8387035718 193 173144
84614169 11650975811 156 54375
83602028 11432588154 516 61320
88451461 12728473941 580 44821
82799191 11165851697 168 65174
91500390 13553870696 412 35694
77806382 9929166134 174 99482
87091202 12288487608 107 50228
79455368 10311518386 239 81043
97872289 15454392613 445 23105
75766353 9415952099 168 104251
64895142 6994421330 195 226011
61677254 6329049246 74 273210
74516216 9096657314 222 120132
70305504 8115561374 289 160537
73928820 8975228454 235 127115
80045625 10498837339 570 79411
84339201 11593034641 288 57362
76334538 9506373622 78 105116
80005974 10418662520 129 83185
89880269 13316039295 761 57265
80305582 10683362834 286 83937
79401024 10431278408 146 106024
94224231 14534191585 303 36928
89486532 13190977282 230 45645
71217837 8400219685 902 157630
79966473 10447298691 588 81444
94247618 14363972294 469 28794
96734595 15077440211 304 23565
88062630 12872909274 562 57048
90954603 13640747913 599 50696
82970181 11407847803 130 58917
95536743 14712000821 81 28224
92385560 13784040330 155 32326
75672708 9527259672 337 123681
82500197 11070429097 55 65869
92402638 13914784388 468 40044
92504446 13836734244 123 32188
93321463 14078508029 2253 29546
93336359 14036504455 213 27379
88227101 13002997419 10099 60221
83068965 11255206547 925 66293
80168046 10559637910 1862 83184
92775794 13875098422 303 29097
80559845 10562787467 254 78177
78151334 9968206902 251 89602
78901418 10142757564 93 88459
91489481 13516390027 125 32857
91198056 13468868406 837 34017
102104127 16932294473 5452 19451
100556456 16661469854 4022 24814
106752480 18409849580 16444 1953
106744439 18475948059 16912 5125
0 0 0 640000
163200000 41616000000 640000 0
64000000 6400000000 100000 300000
