146 27 2 14
149 25 0 11
133 26 1 22
145 27 3 13
142 31 2 16
147 27 2 11
117 27 1 48
111 28 1 69
132 27 0 22
131 26 2 24
138 29 2 18
129 28 1 26
143 27 1 14
122 25 1 40
136 26 0 20
124 27 1 32
153 27 1 9
118 28 1 42
101 26 1 90
96 25 0 109
116 27 1 48
110 24 1 64
116 23 1 51
125 27 2 32
132 26 1 23
119 26 0 42
125 25 0 33
140 34 2 23
125 32 1 33
124 30 0 42
147 33 1 15
140 31 1 18
111 28 3 63
125 26 2 32
147 28 2 11
151 27 1 9
138 32 2 23
142 33 2 20
130 30 0 23
149 28 0 11
144 28 0 13
118 31 1 49
129 25 0 26
144 31 1 16
145 24 0 13
146 26 7 12
146 24 1 11
138 35 32 24
130 26 3 26
125 29 6 33
145 25 1 12
126 25 1 31
122 26 1 36
123 26 0 35
143 25 0 13
142 29 3 14
160 29 17 8
157 37 13 10
167 29 53 1
167 31 54 2
0 0 0 255
255 0 255 0
100 0 255 120
