21192 68565 321058 119
66057 67372 43137 91
37440 68952 321680 125
36609 46916 228996 163
65100 81347 31062 189
23751 72006 231160 190
59757 76963 225125 29
47228 35822 283085 59
52230 4898 148375 130
37758 53784 337095 152
61413 58941 180885 74
51730 29810 214332 165
67668 53207 256687 86
80395 15817 30306 30
24444 7828 99858 171
35946 81356 169192 240
73245 79944 263122 210
47959 45498 126190 70
35433 46647 118414 148
33137 4623 400667 211
42103 71122 399421 89
60510 20777 225398 60
67040 5311 15642 198
49878 36507 387578 52
53183 60242 252740 132
19606 48199 325716 123
84097 7264 155595 93
77756 49137 248251 94
79697 46268 395656 103
74072 32975 345730 132
55539 31704 398032 83
16431 58262 114328 14
52842 74998 301600 62
32277 40354 198332 118
76977 32695 211569 135
61571 80505 143660 7
72260 17031 335124 176
50380 76965 95097 250
17844 14818 313834 148
25552 66535 336981 210
51437 30080 211675 130
44114 42059 443609 244
16015 53630 26631 209
28313 53833 209072 243
29783 58681 119244 203
82842 23360 343870 179
17046 56947 240310 92
64835 4374 351461 112
35431 5786 77422 225
76797 22609 296706 252
36793 36855 390275 181
26835 85630 281990 31
72738 30973 201339 58
60810 57820 353139 174
50447 14769 156737 179
85575 85592 336972 132
16243 3232 394236 131
63690 35947 148874 152
54616 22681 233410 2
21271 31028 327617 158
29681 572 148811 54
68096 74573 385907 28
70525 39941 279967 155
49229 6773 106039 169
45236 7470 94185 114
69717 73994 388582 120
78978 80840 27772 167
79052 83035 313363 166
85595 35640 354260 110
46869 69503 185670 22
49483 37141 270636 125
70347 61910 209346 83
82603 39880 388965 159
25764 13130 132407 126
29159 45016 211157 144
58759 173 91359 115
85421 26198 283067 132
81805 84382 278262 171
27274 35155 40830 31
38807 20167 90476 109
80337 39529 341694 222
75271 27326 164556 208
68364 51754 33375 117
64321 47250 179569 25
65304 9723 255890 163
20979 83450 407826 171
18178 33594 30472 115
62946 49227 308468 238
30825 15628 270011 64
67670 82972 444846 243
63810 58213 233927 64
59184 58673 167137 225
23183 56670 327407 159
31237 84758 35402 23
42794 55884 17728 188
81556 60600 294093 245
38806 31705 226126 104
18033 50598 202030 149
38197 48214 274049 73
50644 58515 367353 24
84618 26092 50258 11
72416 31486 320961 97
56665 85208 156934 24
52071 75698 226096 7
72416 61386 117113 170
49273 12762 66315 217
24147 2728 228822 193
53774 34747 154449 186
18189 3179 439134 206
60244 30974 421221 58
85254 12808 92003 140
17741 17099 433179 145
49464 77796 109726 162
17979 49693 427665 79
64015 28895 315450 8
47881 85053 76924 161
24642 64155 233259 183
30535 44196 248519 231
44469 15058 334126 20
72645 16774 428707 140
67620 37670 337397 64
35192 78407 187142 163
76712 74421 227193 140
67889 81167 268076 144
70575 60078 124840 176
50253 17121 115665 34
60956 10098 272815 83
54122 23605 17064 199
31917 50691 283082 124
36931 5272 406472 173
79872 82091 263865 20
20509 12954 254266 54
44735 20344 442196 147
33227 18917 195971 215
29237 4350 147741 154
79965 20742 79733 217
45217 47584 333241 225
26882 84456 330905 79
70740 67408 281864 214
64950 49579 320432 134
46775 85555 178457 196
63826 24100 106652 21
66204 79999 159306 172
39882 36178 213045 177
64160 36606 33426 96
44168 15874 150496 233
21716 44766 297168 11
45234 60623 262270 170
72940 36212 404498 232
54099 72894 193654 189
75416 10088 338142 145
39316 22346 137239 17
83628 13359 173019 43
83230 46670 208015 127
43534 20511 125796 4
46195 39457 85219 19
57351 1707 54000 133
59452 81929 35777 50
36211 1151 344771 233
69348 62703 84308 160
42400 17592 138463 41
22035 67558 353108 83
84035 6870 380117 140
60755 21038 415848 244
79654 18936 357695 139
61743 83194 380996 155
29189 81573 190020 187
42703 45671 41237 216
32241 41293 427563 190
59424 61843 119663 201
27992 47277 56485 83
42338 43006 284804 143
77086 32162 437875 176
77764 8739 76321 88
72128 83975 55464 60
31548 12530 246828 66
19572 17351 5598 227
71502 1838 350495 245
33571 26301 111928 226
55370 60803 72888 227
54553 9096 297826 27
35686 84564 346749 255
51056 77616 343124 135
16690 41706 447118 213
22078 10321 217490 27
41900 77710 53580 8
73961 43151 391052 169
75574 47843 215960 155
72576 35248 446902 168
83063 51627 58544 101
67984 63659 85807 210
80787 42553 228907 92
30089 75733 80317 148
20720 26859 265827 218
70127 48253 129671 229
79626 66810 171134 154
20420 65262 156691 114
56639 67630 380798 92
19605 754 297646 210
84988 7938 246458 183
37635 38993 413150 148
64336 83898 61628 148
64079 63506 402807 146
64636 24859 217841 236
69965 79584 95484 171
46517 3155 97950 170
22045 70586 289820 218
40726 23928 289154 10
30811 32276 3659 146
23500 22027 47147 127
53240 74978 350170 50
80827 16090 127183 213
40474 55908 101679 1
39495 11054 345756 166
51883 37976 394477 8
54348 5032 28440 126
58587 67244 282696 144
65776 65694 360189 253
27517 60321 316632 169
74181 62529 159598 173
34603 24469 230487 206
46106 72302 258944 67
76357 55406 300055 56
23753 15821 307344 241
82137 56680 381838 195
53403 37775 119129 4
67243 2118 217598 198
78465 84227 114635 184
59346 78639 177828 85
72447 39546 219177 145
73950 17665 236693 207
20064 26065 161537 79
73754 6511 162004 202
56788 76356 49698 1
31207 74998 360535 27
49856 81813 404565 86
62723 75837 44231 190
40646 82973 115598 21
39847 32044 357330 226
62163 59360 184319 143
73071 81826 22659 188
17200 69753 23144 157
18502 57302 302857 203
68388 27725 127532 116
64534 14305 138777 215
42050 45194 254328 181
56570 13436 83322 78
69497 10768 272944 193
23519 49230 372845 64
51721 14471 252020 39
39209 41909 24029 255
42041 30604 173901 194
45528 66428 17778 36
71661 66773 284578 14
44381 21404 349515 252
30028 23181 428711 223
20946 73606 198171 42
61418 56365 33421 2
81419 40243 100013 60
32489 71609 200338 163
21278 32296 339073 178
38740 36871 355493 85
74147 33266 81476 178
29058 53874 106644 235
59101 56324 184049 117
60196 16612 50846 209
61677 70108 220883 219
35227 13027 58982 6
29954 66951 243058 248
62505 69778 296160 71
45864 54707 44376 140
21138 35922 362025 8
23078 77307 330059 144
84083 58985 186440 119
50350 66134 207749 146
70247 19485 188886 55
69360 76980 59045 176
18559 41292 266977 30
47077 47013 35147 246
75906 69317 170742 133
75164 23036 205735 65
77134 1229 340701 230
41291 81322 218145 231
20890 75402 59001 35
44904 63809 379662 49
23061 61972 81508 232
60927 57869 261965 112
78864 68587 446560 91
39529 20506 262673 161
37738 58502 5347 170
34187 3487 264530 103
19726 20598 262112 85
34532 83667 195748 163
28195 45811 245566 15
16379 46720 227596 104
84128 44369 170219 179
40174 73125 337871 164
75227 53324 366777 136
27238 54214 326867 37
54778 11412 357143 30
55040 75958 64085 85
36118 26639 6943 127
44102 39085 138335 41
55826 24974 334404 108
58482 42730 88463 100
20830 37836 7334 76
60409 83025 425398 63
82354 34219 101419 94
65966 75339 102756 169
32903 3646 102216 183
46165 48116 2849 210
26983 12744 56796 11
40571 52906 132388 22
79848 57149 357772 48
27806 15660 43257 27
49712 74540 441194 72
29719 23989 121398 237
41280 68508 47468 131
18791 3973 156120 35
53521 29460 259702 176
57377 22535 157475 207
30313 39524 274395 238
45643 61875 203747 44
72197 80562 122974 235
32209 35303 292874 44
76037 42864 299366 135
81578 76243 294496 155
75193 62997 247511 181
49080 20745 394563 125
24186 25677 381470 230
16373 56459 227778 34
65034 34546 219814 165
23880 24997 42270 172
54704 52265 249772 157
22645 45193 412992 136
31123 83599 375001 96
21516 52957 319888 69
54148 34792 297058 136
85592 57719 54987 64
18994 65877 388209 89
58627 50252 442563 155
50490 63261 361375 190
76940 62900 126080 79
17888 62550 441111 208
74767 8591 142444 68
61412 79766 148093 67
32202 25179 105037 91
82718 42660 108889 209
77371 16557 108297 194
24336 35002 417660 73
50655 55368 440436 137
29920 22472 380955 209
31787 79459 49498 10
85356 69110 156177 237
31893 12377 340171 56
74259 39824 268990 97
56781 25941 411941 245
42628 71626 24764 212
18599 80774 233643 74
47811 31305 62710 40
80674 40741 104233 0
59730 23341 203174 115
84646 33961 88976 44
44336 76577 80595 155
38225 34051 237934 23
64638 24452 250580 196
22645 83102 143704 11
39944 1985 227346 32
53061 71000 222089 175
80005 25162 73102 148
33870 32249 339301 126
57294 19265 58109 123
23713 85432 387895 61
57899 41421 306206 240
16174 24848 246407 68
33417 39533 221040 21
45507 45537 148306 74
17983 58297 172419 90
25443 49885 182677 225
25808 11781 130165 72
84892 34941 431869 199
50240 40791 325833 16
54309 17148 204649 241
70237 26141 47254 167
49170 63583 384396 253
56669 61802 196338 165
33042 58053 287022 59
54392 60502 298226 122
21159 71337 359972 74
33974 13363 148509 74
29671 60047 416199 3
63450 31325 196068 214
48839 70252 57769 93
58587 4842 367144 61
57863 59869 176970 41
84988 29048 218824 70
32851 3892 167227 30
77624 16757 302393 83
40115 49405 383764 81
37979 35384 75489 238
36575 45775 96017 207
76777 33106 174065 192
19478 75614 295328 119
23884 8331 446692 241
82925 52692 326017 147
35478 55068 160598 61
79890 19128 70481 110
16052 64754 421154 233
57698 80288 167086 93
33875 45687 261672 192
40953 15812 134677 185
62813 63426 90944 62
75565 55318 407536 65
26987 54402 141400 70
45619 61641 432999 35
63887 21537 196242 112
25904 5639 2961 192
40988 33855 149042 160
37275 66885 404112 160
42411 22245 311839 169
75539 75690 437103 90
38095 51599 276627 235
53208 72739 123253 187
17018 61998 211919 91
70501 24273 71903 208
58433 51332 88990 175
49039 25879 80181 124
48738 47513 251238 76
58838 57646 375489 167
35903 34591 447444 83
81450 39058 392323 64
60694 50295 338588 213
44114 81542 133775 68
77608 21140 83017 102
18923 72003 202537 104
36352 78219 324009 100
36720 83884 367795 197
19425 2988 212523 25
25159 34294 311360 195
56974 10010 341807 143
74272 499 288467 8
41473 45781 70173 92
33752 33336 305356 98
69026 464 9269 193
55445 64437 108417 39
34628 55283 256985 159
76355 15204 103878 211
68577 52773 431907 153
73995 49454 303491 249
78900 26507 93163 83
29132 68579 163459 150
37060 59859 337400 226
75565 25420 330886 75
23360 23498 101463 160
61302 35364 181113 189
70561 38943 3052 49
29882 46364 165027 93
57223 768 225852 121
73506 77991 311023 96
18180 54586 142963 94
31749 9774 395805 6
75325 54125 237132 246
40694 28325 306379 23
59437 29274 370473 122
78816 5922 20359 20
16114 62798 129055 87
44029 42003 170401 89
48071 21971 361998 3
57692 59896 11224 189
57625 82356 348915 176
81377 3275 239077 58
53889 59732 367706 159
57229 50675 385731 186
36596 56255 87023 24
40230 82144 200652 38
76577 38527 351665 72
23937 69929 323348 114
72946 83366 49404 16
22172 14344 52662 135
30027 60672 136390 66
78495 18519 38694 147
64307 82858 37554 235
20162 60716 47028 171
28106 58205 20452 96
66080 47205 358185 89
81505 31109 202588 201
47653 60546 309772 3
58350 81896 325715 138
83948 47012 15869 160
44440 29309 56250 1
55056 81083 427932 97
75616 42323 377158 203
45993 77079 407576 95
42776 23804 302596 95
69525 60049 218842 206
59001 61095 5272 35
42915 57911 430293 181
72638 37143 22376 241
33952 70491 39369 170
48600 1712 314111 254
35370 15397 439964 78
68000 20531 384380 240
20456 49245 422615 166
20742 46738 444897 215
77633 61735 201656 151
66719 81452 304014 140
29563 67500 259144 4
28429 16676 262016 222
72447 1361 30940 0
34063 55549 192222 89
59805 11097 115049 102
70850 38981 280959 101
34159 82283 333477 42
81597 83914 240297 244
68947 56917 344221 55
21074 3652 220408 94
65950 44093 422711 41
26336 11307 122801 203
19580 18956 355090 91
45486 66321 11279 118
55721 22155 387257 145
30612 37124 165947 128
16504 17367 140504 45
23208 22810 395390 96
58872 32705 143317 181
40062 72464 254632 142
79620 28619 166360 16
80636 46973 127304 247
26624 6522 92384 224
50299 38719 4818 82
68373 58745 331680 186
43041 71832 386108 235
36343 8399 414121 227
62246 76009 388580 220
69029 4308 7022 228
27819 39699 121787 222
84711 11510 352573 101
17449 81775 339026 46
76102 577 114281 150
39591 62072 114198 135
56991 29213 438871 36
68517 67878 91789 182
71480 28341 299799 95
31191 59461 293705 109
75292 41280 385563 239
46116 26678 309250 152
30914 37992 365877 91
44426 38603 243720 74
22942 29509 9605 39
48643 50374 185680 16
68732 68852 75146 56
43500 36707 334443 53
65851 48406 113512 156
68789 54609 166726 104
38469 61340 82728 166
59825 82657 273345 221
57418 48541 184483 222
29163 18927 74184 197
61742 31225 46529 2
67355 19627 294823 252
48584 45019 54467 231
51367 45934 151963 41
78447 11705 102451 32
58849 46415 337572 189
55815 62721 45124 58
71211 41996 221978 87
20644 85671 435811 95
78970 32531 264614 16
18485 85618 317448 78
75254 55739 246225 239
33690 23865 26361 54
55762 9304 119631 16
43386 18685 410170 228
69119 78649 162682 169
85132 42165 58389 90
17769 45429 164613 151
48025 10935 188417 116
50359 56189 313614 172
44096 38316 216994 196
62735 64565 211966 91
52316 68005 378915 114
27560 18158 52262 29
19744 47305 173821 253
55130 45637 53364 14
53140 4552 296327 143
54196 51542 335544 113
32833 75218 362614 148
40272 22796 351952 94
73273 85459 321877 21
21940 7220 163916 166
35545 64401 430791 190
27027 8219 7764 210
78463 10160 412759 113
51882 2424 236468 185
54703 3381 161446 231
57057 41052 25446 113
53926 80486 437839 252
42618 23694 302621 83
77296 25428 311428 151
16018 1581 52667 73
83533 22940 191334 68
80461 45455 341791 85
16472 75041 180045 202
59500 4441 403464 123
56410 67214 347 29
82855 35058 236018 67
71567 10970 401564 183
20450 27457 60759 26
32511 4583 288337 136
28275 84890 262661 50
79520 50711 281283 188
22814 37514 252637 202
51952 67823 302259 132
19122 84585 191325 147
62770 78739 127535 181
40570 30210 358103 222
74528 60068 197800 255
51627 51512 311441 26
47657 21858 243492 47
70273 50142 446127 62
27858 30906 50227 59
43313 70165 18201 196
59743 49442 205051 174
20861 12901 72818 156
28693 10151 416229 128
77970 53174 137581 151
42796 14748 29387 95
55300 1535 268246 145
54989 1667 299329 242
65663 6683 365433 92
81343 48257 359002 255
59103 32829 82960 200
72507 49387 138585 170
30973 20876 10997 14
48722 60611 360130 102
19487 79055 109343 235
25857 38585 251782 51
32468 50302 220045 34
21353 24455 136358 109
70340 18602 240213 237
47798 30851 39044 110
24603 71052 143773 46
69816 84579 128492 5
30940 54770 105436 255
26167 56139 233576 188
67053 38774 10218 53
71217 39909 153654 189
78600 4027 300860 151
40394 64887 223592 22
62424 70962 259222 252
74373 24033 61469 225
81194 50396 335827 57
27054 72149 364829 123
29845 30063 423636 111
54835 58955 15676 235
72905 32003 163623 8
59917 15444 447665 31
33042 78086 79897 231
41751 79990 142017 31
47284 22913 446139 248
72225 76097 104285 56
58262 56757 27768 37
59010 16903 275298 102
55169 624 261327 104
38600 15686 84028 163
28743 25584 158641 40
26096 6768 233398 157
52567 67323 213957 204
25022 51911 374314 11
35751 72697 333839 249
22659 54128 251506 155
75179 68799 257316 146
63669 7563 116390 108
41515 49292 53802 191
52810 29775 248615 2
63803 73155 64562 18
61898 80310 4213 150
39578 19525 269322 140
47683 11217 88972 5
59531 42409 155832 103
23297 66209 384967 216
75405 19145 384714 19
49489 43657 170461 140
43784 1752 74210 24
42444 78312 420442 235
25033 64787 406394 52
27348 81736 372224 53
66411 49577 161619 3
75714 21783 145689 161
41518 13370 260983 202
34891 25373 161650 34
27090 19598 14229 23
40876 13030 303978 60
81344 72449 220228 108
48293 17905 355752 245
43988 35641 202113 128
44431 41227 9606 28
81985 74675 353225 70
55621 72680 340418 195
80450 26583 6506 123
45724 49612 341167 119
17003 77500 242817 69
62853 17015 54549 118
38922 52616 251109 9
19217 79956 199101 141
38737 75622 300349 61
30766 97 341011 150
78471 658 172667 133
60049 48387 222985 236
43378 54078 1171 102
79574 32279 79787 112
36800 60959 377294 247
29831 6219 84558 71
48227 48467 196133 229
57003 45675 109258 17
36962 16448 290551 165
28343 19765 132359 6
59199 53461 433030 28
54114 49323 409023 110
83539 72048 104545 185
56781 4010 404825 114
39717 4749 116690 245
31833 9095 31959 77
44598 73600 193768 182
30123 6021 289115 113
81202 15342 15741 140
67432 82682 222735 39
56627 16136 354375 220
29719 85542 141214 48
47869 27579 108281 248
75993 8822 36817 78
41643 28019 401111 80
27634 79470 264372 187
60915 17986 293501 28
59624 10856 160559 210
67032 32984 415925 17
65247 50694 399024 243
16284 69051 108478 100
56150 57235 341115 63
20922 85014 214923 7
55219 64459 447225 47
24086 51943 104970 212
50826 47857 267061 217
52715 2044 48893 146
29855 63435 16838 52
60532 69554 334132 157
26249 9257 387647 12
78598 73480 363313 27
77086 77999 125457 230
72978 24275 189356 187
75466 79387 96741 0
25563 34185 345628 7
58945 35142 306399 209
32597 23442 399960 130
64693 22862 331639 72
19062 44485 27562 185
60503 29555 437998 122
26427 73149 329381 203
53301 64547 219158 120
77546 5667 406871 46
84675 14136 13525 136
28308 13109 254227 81
47723 37398 35972 36
49033 18608 75559 215
61610 19207 345495 199
25154 33905 82458 114
31723 73594 87443 185
29200 82047 76918 52
77242 28543 249791 37
58275 77190 124889 71
37660 15181 12193 72
49514 71068 63423 67
59948 56363 61112 98
60022 52692 369049 58
61448 65273 195837 125
19870 35809 158036 35
44224 56604 180149 186
53581 27142 288249 46
34598 78261 240674 210
53108 16895 153019 246
74188 14152 425644 0
55876 21609 94456 1
47213 75430 381461 203
72345 74146 41949 215
49512 61124 63613 169
32739 65473 381145 226
52421 71654 261434 227
63422 39911 330375 21
67229 14421 226758 108
51451 57007 68657 19
62112 54897 257139 238
77255 20774 81804 117
50748 76966 177795 36
50812 15694 82513 54
23368 64334 7682 48
60897 50596 133417 199
31428 6751 257194 63
55228 23845 324882 230
24694 50381 110057 145
84361 75815 307818 236
57795 71071 326135 21
49599 11712 425019 108
44436 22839 343456 24
84003 82232 158685 7
39991 12570 317369 202
47475 49388 189467 193
65308 56281 427760 15
21805 47262 383308 168
49884 66151 240088 133
85498 50356 341383 255
54607 7512 62853 15
16971 8223 12375 232
68300 13800 100778 9
34868 2099 184128 92
25811 22282 125897 7
72016 15885 144758 134
37359 21957 236077 178
74266 15921 347523 89
62820 57867 431301 144
24377 32908 55244 64
36254 41147 169824 42
46819 5517 428386 220
46144 80217 74394 142
16991 56723 263605 226
37343 30144 285560 42
30137 31830 270541 43
84850 26386 435614 168
30260 58454 64960 87
81174 475 422854 86
79040 21219 332615 50
74310 57826 118806 115
67355 77860 300788 26
52658 24112 358831 219
23444 32270 388416 138
44698 69504 83547 240
35393 27062 369889 123
81485 52978 224202 33
67986 46186 282787 115
53330 16724 95625 66
45414 22643 398757 229
41969 8247 261769 167
18622 84155 204785 164
29810 50472 13743 174
27255 2818 120318 53
27942 9713 224797 62
45335 31915 118527 167
50501 37865 193902 93
30525 18906 23192 165
78807 22507 361534 1
17474 6056 112905 224
22820 51181 97754 164
64913 58835 117189 241
49997 58868 319286 100
46584 22061 215216 119
54643 79727 426038 224
48410 31684 5076 88
85361 76476 158757 176
64008 21805 163841 147
83476 77370 397872 202
48750 39703 433504 32
66244 85633 413450 83
32694 3240 171418 102
73336 17012 339223 128
18431 60557 104166 19
19047 48606 163908 182
62813 58671 99628 219
43737 34617 257755 123
85399 53217 363602 200
57822 28695 284601 250
81498 51825 257193 156
70186 76801 208643 177
78680 13186 114815 163
66200 40189 419016 205
64377 15827 154241 130
75099 75372 220338 104
26381 23684 112448 190
39558 37228 249961 200
65154 28045 158876 197
19460 15202 144403 135
33564 45176 428322 129
22179 25350 404634 248
43621 30308 12488 13
38886 77279 426966 230
61230 77690 175385 217
44750 10692 259479 243
80902 74081 425149 32
30484 78436 309635 176
31511 71551 292021 204
39359 41884 353301 113
35143 27977 155347 152
42560 31266 284126 132
52873 45321 444008 209
23785 72590 222696 139
49628 45727 428445 3
65091 46488 248592 237
27250 64635 395542 81
45729 71961 391952 171
34887 56083 273184 158
85095 3936 117290 77
46515 70910 361757 212
62718 48829 78608 161
61923 469 134760 171
39997 19765 10667 141
25735 68857 321767 167
23165 27588 447889 10
74793 54955 106180 176
25512 50204 36868 84
79943 58932 377492 239
59759 8880 356940 189
56920 12766 101022 109
57006 9493 152642 23
49401 74838 212679 243
38549 35063 13797 139
26166 67036 142850 124
66432 54793 176918 23
28435 15356 358809 244
38357 522 19510 204
54939 45460 407452 208
76136 53459 68637 12
53610 72851 300532 242
30686 59902 246162 214
70979 26428 320758 72
17119 71814 437985 134
63463 9623 155196 215
21560 80757 247117 177
49015 29983 65177 243
74154 51675 303940 220
27807 22006 418995 97
45319 49530 358441 16
18184 58093 333465 73
50109 6721 201716 243
27758 76546 100662 240
37794 28148 276346 192
77936 18369 79213 153
47728 31989 100335 187
28826 6998 325358 174
79725 39193 346610 200
68387 39812 419042 42
20596 26036 193631 146
74000 36422 344673 246
24407 54020 436924 199
84847 44694 127842 205
82010 14697 198847 51
25166 4542 50758 25
79831 31400 213125 46
72628 73669 78423 120
47512 54127 408240 99
23363 27889 17614 132
76590 68294 329399 42
22548 40215 115177 20
59105 38004 116841 248
80738 13855 208225 227
31414 28259 98008 35
72171 84708 167039 78
58748 3130 360605 128
54575 59547 297191 68
33869 79432 333605 19
41567 8082 282368 148
76134 40108 428126 0
56953 56507 146816 136
64105 72792 379894 100
80287 52077 269455 216
39282 3428 385842 199
22177 51000 53893 236
35946 7216 103104 78
27587 60680 180355 164
22223 46006 71251 178
50691 21621 43340 244
28463 39133 19505 187
36478 58677 235982 248
32810 25586 420287 136
52485 55622 183443 61
85561 22698 420425 135
58171 62916 318435 243
53814 32118 230874 87
60824 51133 420025 26
84687 32712 66243 76
76368 80154 271041 100
71994 35185 121972 111
66995 37336 438656 20
72895 49502 70750 245
41545 62578 370823 130
53586 61116 298296 3
50424 36896 408754 157
30324 9690 383119 144
51534 55126 179743 144
47686 77306 124733 133
36507 8978 260023 176
28583 16714 304780 70
18381 18846 178795 247
24810 30394 42557 43
23960 64295 134909 134
81111 3678 258552 116
84353 48281 131192 53
56109 6345 445103 181
61295 60489 290247 58
35128 68533 402919 1
65995 8508 150653 103
17538 19834 211875 127
27610 63043 347172 63
23066 26189 85471 110
19482 50593 365665 237
79543 3163 32704 28
34439 44200 307479 64
22883 6413 80629 86
71756 75840 410332 143
49990 83695 192000 58
79301 30259 107585 57
43447 82761 280288 151
38620 41972 78553 129
75466 36728 316670 176
66318 23213 348746 73
75960 77508 425805 120
37505 36334 17368 13
84570 66665 139351 71
79550 5011 235883 200
72237 25286 40240 247
29121 75595 393988 14
43956 48145 95416 37
39127 15589 37891 70
50086 4201 368127 91
52449 3022 288614 199
78643 26592 322633 160
70382 36562 206536 136
30907 3960 99952 131
85134 70741 275783 5
36788 28794 5133 175
39661 39358 331595 65
50043 60004 350270 30
18974 84770 422442 43
67154 3992 18256 203
34404 25825 425970 72
23758 44744 44703 92
75495 44556 90414 154
59875 56895 297320 24
49083 17825 90397 158
81194 52155 307601 100
85312 2579 290991 77
44250 50071 241533 178
28855 56032 87717 254
47217 53394 371724 42
57258 38653 260340 93
83860 6078 75453 110
26990 10505 313248 1
23108 32919 305081 126
24466 24908 383776 236
51932 46177 212949 151
45105 12623 173718 245
73555 15650 184713 10
60221 32848 114021 11
64064 49804 47659 6
41730 63942 129763 204
39108 1631 1093 232
57246 79539 314614 131
67252 76845 398177 147
74324 6417 245286 233
22564 21371 439461 250
78651 29911 341349 69
24946 71254 260041 228
74084 38228 405253 61
23711 20870 346785 173
26034 52199 336714 31
54195 61113 421905 138
78753 29523 264 234
35721 1670 71823 211
63011 85335 358301 232
72152 52242 203316 0
25766 48158 417680 33
47371 49911 270115 52
17799 51053 265409 142
79422 37766 165108 192
18160 41431 69012 86
16952 11638 407846 97
60381 7733 25946 196
33844 83752 209804 52
49128 39158 380017 26
77080 13434 405995 21
32650 1062 224887 176
51934 4624 437124 207
54449 31535 48759 232
25340 57600 104766 182
34493 18537 210243 119
31271 85057 301577 120
55552 26853 165657 67
78515 29616 75925 229
59407 63685 423319 76
23875 76831 42004 239
23249 39233 389681 237
39867 84683 88930 171
30141 10643 380340 160
49299 34642 266465 173
19927 25469 20599 188
58045 72870 369959 160
49656 77238 93058 24
74324 51158 22881 44
33025 27788 264881 223
20118 84629 52834 214
28430 77458 1556 48
40984 82107 132358 19
77164 20876 182943 89
31851 12139 262135 112
44264 18716 288387 83
72118 62780 288863 24
74829 4539 264095 89
32547 48488 32395 176
70030 76375 95637 107
37469 28410 275050 98
32141 11116 280617 9
54931 10114 395265 111
72975 65279 359866 29
42281 27380 373845 231
77465 73353 208150 137
82739 43643 174506 100
70903 62950 212616 41
60349 62033 93716 119
68871 44398 266862 88
23097 55953 399814 203
67374 16344 327350 46
18777 83890 384563 66
25471 60270 252302 76
78051 68708 278732 73
56804 51787 372482 76
67028 61172 239819 98
35514 41990 408475 40
46784 15140 265479 40
70606 20707 15529 126
38811 2654 38165 8
22648 67216 185899 172
75918 66158 406525 0
37341 17558 119315 13
18995 48633 182223 50
26702 44102 214345 217
53297 73325 379869 225
47965 72786 167718 46
76409 73103 171558 18
73832 57832 274987 141
44886 48402 224649 161
41757 12949 144112 82
20603 45833 213633 36
81488 52738 34519 202
50632 75214 72949 221
26086 35150 383377 92
47310 35936 343694 36
55416 34852 410085 206
36778 45189 170681 69
33636 4157 76788 120
39620 8312 292189 163
35557 29290 213907 191
38356 19592 8745 223
48841 83206 292778 158
72242 46996 58574 221
69328 62520 58975 122
42546 49165 10665 228
66211 52829 110544 128
47974 74499 176150 227
64271 84433 381223 7
60674 35042 368599 68
80353 24199 291079 127
81551 13414 299907 36
64271 4128 223966 126
34910 8458 6476 167
18626 5316 132980 16
16930 39291 116967 166
26195 80940 317239 160
35065 57705 407517 215
26058 48098 136755 57
16380 48689 94242 188
65041 32126 265257 29
35749 83708 210938 178
38824 27133 171547 53
45934 8386 391697 118
43031 85437 3866 201
71826 11801 334784 110
80335 5762 413874 81
60960 35717 373203 5
62373 58613 143880 212
37800 26742 244617 156
59442 57225 314380 69
44361 68958 428432 84
74110 1744 291529 189
67536 40089 110105 161
38335 73781 255224 92
68160 577 406575 40
29427 34567 141971 210
31579 31574 158666 201
21908 51879 239385 44
67561 80969 21930 185
25654 53457 267563 224
63640 17947 13665 137
24704 79449 241616 1
82558 10746 230892 210
58229 21031 319670 212
53840 80392 307410 120
54812 52739 152486 211
32374 69902 60657 23
56321 57737 87827 51
78997 14027 272262 192
73768 44881 306155 166
47569 70985 252125 250
26677 83437 36537 36
41377 11200 436611 148
67843 31412 109018 9
54434 47111 282586 210
55622 82558 219017 43
60709 3460 368005 236
59514 71817 37468 68
65057 12441 62330 19
22991 30800 340195 185
60993 21445 385734 103
66682 31542 365147 85
43142 60057 29597 246
20047 85673 26284 29
64732 17803 148210 34
74627 38352 244694 30
72149 71910 409988 141
56093 41729 250020 32
62382 39825 129418 55
52343 72294 263146 241
53916 69737 270709 218
49148 42770 63356 168
62521 15660 88185 193
64939 60538 405041 67
67934 7971 440916 200
50397 63261 367715 212
84884 27015 437617 160
65433 75932 363139 10
25449 2950 282873 87
74292 6301 1845 66
79726 71170 258330 64
52088 60280 432672 231
76054 50876 118656 54
24118 36805 145935 81
75934 46711 85070 133
62487 77910 181685 131
84245 55620 195100 100
73415 15561 318744 80
49283 58454 117586 199
45335 355 74383 165
22924 62534 330521 222
19591 32540 259010 150
45161 44252 189184 54
36378 66619 19260 235
36232 16878 27645 249
84711 79758 350326 53
37372 27728 151253 33
61408 35567 197187 86
56532 56460 59793 40
30289 62293 147701 187
60105 34533 374833 40
77607 41934 141775 162
56566 82690 279113 59
79997 9803 317586 178
33375 39070 149928 2
70243 82499 303323 11
85236 19660 342605 153
85531 40222 54631 110
50407 25542 401213 121
18177 63496 341485 40
39307 12177 390768 166
77405 10347 45949 229
32437 31690 236883 42
77243 62441 413699 183
67410 14112 28161 59
32235 40525 400300 16
16467 69562 333973 160
79875 12299 21871 155
45011 3233 291608 249
73344 60154 58299 169
49621 61886 130823 83
26675 73728 131001 232
52094 85525 222286 39
64598 33653 193051 164
19156 54548 147359 210
40291 47141 404960 197
74501 44722 105060 59
44811 83770 81709 204
29577 49395 142906 161
25437 53457 166058 95
52262 18310 91804 16
42618 77870 93460 213
65576 75376 319740 196
20671 80492 198383 8
46271 69019 94742 34
65320 12859 341415 12
73456 79319 365313 38
68700 53133 387818 164
40015 39882 221696 33
75496 57890 125068 92
21578 35811 111259 207
35097 16614 104630 52
31556 78641 356033 104
27346 9798 20377 244
61425 8727 367239 158
29325 24629 80517 5
46800 32115 21118 115
73078 64780 249146 72
23792 27018 241890 66
71601 32482 376211 106
48819 82144 270275 65
45838 14219 361501 155
17182 14239 224353 199
35466 45733 203581 25
76373 47613 432433 56
56196 7808 177587 252
77319 44825 291016 25
52022 3478 183819 164
43451 24108 194761 146
27362 10461 441826 26
57769 48238 300792 250
55971 33582 392782 56
63218 56825 438654 56
36350 43167 419432 209
27514 60541 36705 27
79755 79682 296786 240
35821 60661 274107 113
56529 16164 66114 200
45306 81716 326689 81
80606 11551 271622 155
23074 55053 153189 78
74428 58002 216044 1
39267 23961 393382 161
18291 71527 409098 102
50268 9535 415345 209
82914 42501 62736 16
67402 31986 80544 157
39176 17310 339469 8
41291 4724 85077 218
40785 78975 190960 247
84566 50420 267371 174
58660 72830 383270 104
58371 70766 294287 143
18504 44595 237569 1
37803 81762 64491 243
81800 3392 84271 223
21777 40603 354412 128
83571 31583 60127 18
38126 3767 43838 117
42684 75648 335428 198
41248 5035 383779 87
64482 14565 110036 155
80339 44094 132427 194
61723 66820 374309 235
43060 9478 88120 151
36018 1048 4285 22
54736 69737 51866 181
84462 81268 428813 32
17487 29508 410237 21
48293 1021 89806 170
57847 67993 231962 58
81720 5099 385182 35
77094 65347 83757 239
54036 30059 125159 157
68799 79250 165366 85
48917 77836 259655 234
49601 42520 99707 91
23620 57381 199248 4
66549 43461 69614 135
25362 27072 40846 195
22212 51002 316710 29
79376 57216 47231 180
61390 22336 357360 25
31660 58253 191032 0
71203 5141 300377 92
56509 9570 326415 164
27040 34830 423371 99
51125 78189 124959 205
20085 47633 278202 36
47368 76378 59048 87
82905 75737 253090 118
72091 60950 122181 112
35708 67450 298910 212
35901 68464 355202 100
74512 78514 338445 248
71887 38704 212312 122
74321 65303 227305 146
39232 29920 159632 168
25338 78056 274976 211
67226 78184 96912 156
80010 68756 351322 156
80325 23509 182719 115
80036 44462 299293 179
41737 20122 35677 208
71351 76194 325559 135
45163 73838 192998 2
52421 74222 410695 220
56692 78958 158253 120
34893 69746 360753 212
34469 1370 172150 171
33040 75662 348791 124
49049 7269 191401 154
55803 40176 302320 202
23982 40824 321576 49
18439 11731 294510 157
39979 6891 63788 250
79104 190 257247 242
18446 31897 190072 54
64846 12433 107833 160
23393 22547 49803 195
43886 69558 30006 169
45493 80640 283497 232
22076 25936 428439 122
69500 22717 254509 165
65152 77840 174589 101
17166 60749 204860 255
43902 5784 405626 125
84412 34682 122502 24
81346 26688 20645 238
39903 75710 146503 184
81831 32106 268715 236
71047 59845 370021 254
44304 27343 201735 100
68293 11244 246163 37
40550 78945 111332 92
45362 19509 316664 122
41146 79776 319165 228
40179 16855 211860 196
52303 35078 442361 2
60904 32002 369443 72
84685 26024 34302 119
22373 33925 149230 43
80079 277 347123 244
79711 61059 67685 181
36165 28867 270026 222
21370 57862 11649 209
22357 1007 105056 157
18923 71883 403661 156
80172 39214 438937 68
42952 12223 343898 252
80366 58116 390487 202
43986 14099 187102 254
58569 68215 231208 187
17838 74613 334891 49
36438 26865 366748 246
57172 78522 42426 109
49399 70863 319629 67
69193 52346 274595 242
34681 27436 293917 20
29613 59530 289322 152
37374 37510 164743 22
85591 25504 113857 114
77863 21490 285390 128
57253 21374 293034 134
56326 8968 93027 130
44715 75833 19429 18
24890 44696 264087 101
38134 72879 33944 153
61907 52132 54298 143
45341 36102 35214 159
59191 72764 395465 62
84898 25629 430638 146
43677 82865 362261 61
35712 79459 190018 54
20303 66804 150758 88
79815 57725 422606 156
18433 64764 259736 62
34208 15287 252398 3
31942 36927 226301 101
16864 13831 348041 119
31569 33910 316382 210
21627 22327 352228 103
43878 74194 62894 207
42570 8397 122365 158
84786 9567 343648 1
73947 60506 99033 61
65552 1742 184320 164
83249 31059 362391 113
17695 45335 193983 156
76953 3988 446871 72
42998 24129 319751 151
43616 84802 45670 184
46060 14295 315312 139
16261 64293 280956 38
28916 14327 212366 111
42725 43491 230860 192
65326 22736 251334 76
22676 51572 395677 166
43776 47119 107953 87
54422 24683 139620 130
66151 84946 266056 84
82672 61487 319778 248
72896 8980 372627 120
66221 38627 120160 168
70310 81338 352920 116
49844 1240 328541 110
67648 68359 136851 106
48254 19353 120572 123
54224 20873 50290 28
68769 18442 180570 209
29174 61476 410496 149
44624 27129 263246 37
84150 80082 307412 222
31465 23499 84281 191
19852 8092 120931 39
64469 48994 194370 88
84362 25896 312564 158
38097 66517 78546 70
62587 63868 67205 243
19150 22739 322367 145
32327 43781 388806 33
68765 51376 220792 165
42252 64229 145485 150
39487 4986 47510 214
4231 84990 176085 138
32594 31820 64536 10
10559 36819 183314 124
35838 12934 34012 20
27564 58510 53221 66
43333 35369 106145 252
25204 72513 34913 44
38347 52390 179389 235
11247 43829 177738 228
31064 77520 77049 3
36733 27496 158644 232
46498 40414 159419 164
43790 780 168250 126
4795 16985 164111 21
16856 2765 7089 170
41706 83516 191588 67
23585 71353 158127 63
18200 74163 195562 42
21499 56206 15637 195
25603 66441 21747 121
33577 30742 141738 144
48542 39329 38544 93
39783 74338 108776 30
10646 3408 180841 44
33973 11406 195959 75
42342 59039 86156 79
17257 80531 67446 42
34400 76842 87728 78
32603 27167 85207 240
5979 69705 122290 130
25170 2365 69570 204
49121 79413 134616 38
36470 31602 56654 210
8868 66219 153514 19
11628 49663 7523 229
7430 58891 122857 229
47219 18249 52974 163
16038 59848 134994 121
1517 7475 37230 120
41200 8847 39695 140
48354 79875 109985 95
48799 31897 100357 8
7545 75899 186512 242
30511 28480 84081 9
5566 37660 147953 247
40775 60484 196740 226
3114 54995 34677 125
15217 22349 163034 134
39002 84964 126028 56
17074 56686 51760 190
14614 36973 17069 111
24578 6276 16797 8
31167 72773 73358 146
9065 48194 25831 94
38492 47945 81994 247
42343 36139 34611 131
10440 39511 188590 68
23561 54355 163906 103
14686 16713 47035 135
2059 55556 92677 185
3170 84552 111658 138
22824 12328 131727 152
4059 12385 98721 169
35660 79756 132282 121
42071 27154 64113 56
21995 7094 77450 230
16573 85539 185902 132
23170 16659 162348 37
2898 44063 57004 146
23773 71659 173411 145
27369 34441 38652 65
21807 53277 195398 244
18554 52640 13598 24
7650 19558 88145 79
16464 40166 148162 131
375 48213 29140 165
37503 81630 178782 233
10097 6996 88518 191
11595 35467 123984 201
38913 17620 13157 102
29876 39136 96270 223
40412 4063 108750 40
41585 16082 156607 13
18752 47516 22544 38
5093 74585 137168 34
6862 78186 62340 111
31595 6033 116824 207
39102 21855 60239 44
16460 55445 79058 48
21552 78031 34604 134
4132 26919 41466 28
7729 21750 114367 10
49737 55258 42776 26
48021 58183 20780 172
16755 61395 100619 127
34720 123 32802 233
27719 9901 7096 231
34688 38648 33217 229
14254 81939 139168 101
24344 31660 136366 86
15952 30483 12155 185
43429 76372 18028 196
31632 31460 13847 134
42676 8873 106231 221
30020 84799 111006 196
7642 78110 144393 218
2662 69238 27561 81
7431 49715 156837 89
32444 17291 110289 176
15369 24117 132080 107
42146 10399 20763 234
16703 62410 175743 225
42306 45147 121937 45
27389 17092 113267 65
32324 72586 79716 181
30841 23188 23693 217
23693 63959 128243 120
27586 66808 38033 92
32219 64328 95232 211
47715 845 190767 18
640 48886 57675 112
33826 66854 67047 153
198 27224 168181 6
28688 74223 103491 79
9893 84605 119544 6
18047 22703 90121 252
20494 14085 96185 3
12965 83502 79679 241
30142 75210 69004 57
24960 21191 145592 253
11003 59506 6683 159
48801 25053 161928 253
19121 49809 84479 153
6861 32174 80245 209
21091 5847 107908 101
22175 37100 172965 187
6585 33623 192102 137
31945 34563 59348 140
35148 33202 117376 48
38172 58737 179640 4
33740 34111 186312 254
26933 62399 86713 253
23226 66108 45056 174
47007 61364 199356 33
2317 75071 100082 165
1001 47453 160925 138
14374 11137 144973 63
39515 38744 157042 96
13911 34224 170184 22
33261 21538 99797 125
27771 11158 148973 244
23611 66801 138464 21
43382 27431 59982 152
28846 71698 115315 81
36670 25791 134619 134
47062 23278 72711 55
34237 39128 10112 233
33575 51345 189313 239
41287 42887 84514 244
24450 40189 96959 198
31163 63566 120584 140
6585 70402 107558 186
5920 21554 181939 9
46973 1931 130548 193
3742 43725 93157 2
44660 51469 93138 171
4955 84006 155805 4
36009 75079 56519 133
17870 46490 11906 178
10868 71244 51128 53
173 75870 22263 216
3413 59736 177497 169
46665 74640 25607 142
33994 14392 67422 178
35074 46098 178298 78
32798 9152 187893 220
10317 7630 18833 221
47310 7098 180753 72
26459 79797 119019 236
41824 50991 62575 32
34602 47959 50593 52
6418 55793 172927 84
19417 73054 191230 5
36568 71862 34911 89
34232 9674 141964 26
34474 27659 163053 223
24452 58742 160828 11
30603 31796 86483 42
28184 77752 24595 115
31474 15528 163114 15
40598 23523 157979 124
34676 36109 156718 251
7558 23214 54930 202
35279 49285 30907 154
32924 67962 113471 80
31390 48270 119702 179
14951 11853 17409 157
47216 10433 36744 241
19182 40924 133147 207
38933 66445 26783 200
20635 70760 170877 226
35461 18326 101301 30
7762 18217 4448 28
28910 70897 166644 186
9452 40335 197935 32
5605 44771 105317 131
24316 53596 41312 160
41310 16544 191198 166
33816 2962 54064 102
8298 70343 45216 118
1192 76803 96927 250
2283 46976 6621 120
41429 30575 153365 27
4508 84037 83647 195
47272 48936 87535 157
1199 60195 176320 185
29591 84915 154199 182
22012 68913 128145 194
35028 51523 180740 55
24409 3234 135572 213
17669 62509 102386 254
16407 84666 71517 179
49521 39825 198877 25
17092 24993 139889 103
148 3420 165526 137
49805 68232 166304 249
1464 53225 174355 181
33821 46764 76599 85
21874 2565 160214 110
2716 4393 183619 121
4338 70322 111653 13
3547 76621 7632 108
32950 31567 140108 77
1948 22015 20936 70
31423 76201 190038 13
49895 39373 65317 123
12753 2636 8983 67
31292 9593 157834 252
32453 74160 62221 206
48339 32397 79347 58
42831 5275 70654 73
43620 27003 4741 240
3124 82697 175333 252
39004 37868 176946 237
35164 63495 101435 117
6752 24502 183034 143
6250 72715 9639 62
35557 39551 188041 146
3129 22052 142041 212
37342 21456 60346 20
49742 48570 184424 239
39018 46668 109565 193
14574 31295 79554 126
7481 40480 186006 228
17541 13761 124688 7
4047 33487 102033 53
34938 76489 12550 108
48221 7441 102675 119
22309 42838 184626 136
31660 30948 139057 32
12732 85051 180267 88
32604 16120 34344 50
15913 2268 39940 40
4927 79389 81933 164
7431 29684 120040 238
39042 59320 99254 170
27310 33091 103583 101
9803 2572 100977 3
49844 24309 180921 164
49730 65716 192449 186
16793 37714 59053 176
34788 33811 63495 97
35056 42041 110250 255
41967 16801 53052 33
12965 42623 174587 196
38787 47609 174773 77
11127 29373 22829 155
3412 49496 94043 167
8566 70473 189360 21
9920 59215 39045 227
19584 66962 70695 157
38964 12194 131137 203
21422 62025 90648 170
49123 17318 141807 49
11732 40691 17612 133
36406 9159 192177 197
7807 25366 33873 228
18595 84963 51712 146
1870 11190 17983 98
15538 7706 99935 224
25188 52875 170749 149
32114 15860 164857 249
39018 62140 189211 234
49894 42014 153173 248
29335 71369 15561 124
32961 12844 125492 124
13056 41680 188223 181
13088 62144 74726 160
41868 43130 166623 41
19275 9031 66871 96
47730 19264 54523 100
4279 53004 39405 27
17989 8148 50784 27
32014 63526 8051 203
13015 81253 148608 96
49666 54693 24244 149
17144 79909 191593 149
24802 59891 28518 105
30650 83700 28482 208
28696 14675 8721 206
2163 11563 175072 172
49069 64471 147146 208
33550 55117 175944 135
46413 68580 73711 255
36853 82987 160848 2
3542 15003 190426 45
4384 8324 14719 182
18888 20282 57274 193
32617 75097 124876 187
30118 55406 118590 51
40659 73257 39888 183
37524 41791 149279 12
26520 29920 164909 76
10951 59958 148983 252
6299 72791 76175 166
7845 63655 132131 140
29161 57159 90067 10
23263 57854 21162 230
19813 62244 124684 139
45328 72047 35147 174
22326 28583 124479 184
37600 52550 88249 190
32502 66192 76046 226
8437 62065 146422 69
9673 34673 59932 248
28933 69002 57620 78
11886 62577 74905 146
24642 14767 38563 145
3070 76157 25541 126
42982 44622 111218 183
47353 8511 85996 64
32946 13434 28973 57
8706 17245 105045 87
39513 79273 169489 102
40480 34465 199785 126
13703 8152 67447 232
45273 57006 158731 58
33956 72217 26729 111
3138 85406 104719 48
22777 13142 199979 21
33291 480 90506 76
6563 78117 48801 91
42410 72726 135566 43
17319 28243 123701 170
1588 41313 145457 203
40563 53045 78026 115
33737 5482 62775 149
32494 36330 108832 90
16069 52495 112563 65
45502 34410 148941 210
7257 48851 63941 113
31187 37875 79595 133
43932 83158 198283 101
1965 77814 40722 75
35154 78158 28191 143
35793 5027 156522 5
6644 69126 31804 241
16508 53505 27698 82
41924 55304 199984 206
3651 70411 104823 116
4201 7788 136794 224
16723 9038 82666 216
7621 71504 98444 155
37798 73052 136911 166
8394 49414 191738 58
45375 3451 6866 6
46920 20200 41242 15
42764 3823 179800 254
20841 5530 144616 194
38818 54729 28828 138
38611 8256 165116 113
40675 41890 23601 90
10201 73579 59836 219
12968 85458 69927 148
26967 40358 94852 24
41419 25179 29164 79
34893 25592 107996 119
3494 50952 113511 76
20427 78482 5897 81
11797 19864 66803 216
2244 46311 23316 234
24331 36279 34032 12
49643 70189 29785 201
22692 82946 7695 181
13497 17199 86366 148
27 68391 26279 34
14543 38125 92765 105
41089 83919 152582 3
48008 56741 37517 189
12249 65587 154426 246
26815 69797 127592 200
36198 41352 105493 189
23439 49221 198607 254
15445 51983 5555 127
26320 8869 84548 59
18043 39785 48850 44
34062 12107 160171 123
38731 45586 188146 163
4863 34923 199802 207
47165 67911 131415 191
2409 75554 189560 63
23316 51368 35847 87
2725 35380 142929 206
42558 61080 92515 82
5314 18993 5034 9
7585 55151 73603 159
26425 39584 38433 168
5381 16706 120833 198
37502 73356 50933 142
10367 11322 129777 83
40448 61398 21245 143
22249 35120 149231 151
42989 41198 193639 241
49593 60205 50064 153
20515 16238 133219 100
32900 65138 172902 85
6524 31803 29113 31
19787 43704 22848 12
32236 62750 183017 4
44624 48629 37193 131
29198 51227 142433 207
45570 20957 59401 44
10164 14768 148304 158
37873 52902 53717 193
10750 44904 158038 240
1846 29757 6067 149
15247 50516 115890 35
33760 31831 79317 192
14552 24444 119734 110
3959 80962 36742 9
33025 64391 146697 81
6979 35599 116571 232
29687 3166 140872 121
40559 79601 139918 242
34940 2715 15090 80
14161 66781 11475 170
17321 8154 66311 12
28499 28500 48134 184
32881 329 30831 205
49889 33518 91174 75
24966 28916 13973 142
20439 28196 156352 101
20408 55692 15278 197
28145 65303 199755 20
39729 39009 30811 92
2607 78985 11322 10
40264 48942 141857 7
9275 8278 116354 158
23645 76618 54620 175
19026 25258 190548 161
49488 3459 160404 3
12258 5347 105271 242
47452 32532 169084 251
18162 44673 191323 117
27624 25026 101370 3
44966 24399 82727 121
24202 26851 182430 182
21847 64077 89679 84
9025 42317 78229 216
41581 28774 82590 205
24536 62165 127584 214
49225 58224 94342 38
1887 67413 166683 236
31538 54800 191930 192
25395 39937 72133 235
28901 53877 175115 51
10392 40558 144813 216
5956 27379 48199 65
37356 63081 157020 230
18685 30613 73880 240
31781 13369 139722 182
34361 10358 197405 232
4833 55235 55813 232
42225 69436 138698 238
47660 69248 22234 238
8889 25509 95895 147
16809 65650 98960 2
38171 61260 50497 113
32502 66044 30971 98
45623 12625 50845 181
34879 65159 158401 191
208 42844 143515 39
3020 5993 177242 46
49208 46103 197532 168
5274 52712 80296 58
41960 34575 72548 137
18878 64251 92133 5
43573 3336 45144 143
47580 20482 179254 72
6550 83882 64432 204
24816 15463 119091 226
31731 56754 125351 143
20646 20462 100749 21
25492 53299 76242 215
1210 82715 129099 161
37993 22970 44348 140
38419 72911 194179 53
20334 34955 33549 176
46565 24814 100648 203
33197 29220 162442 43
17995 39061 75061 161
5413 44278 130329 33
12962 21468 130793 147
40919 64766 132450 111
7738 32265 65490 218
38017 43610 117125 246
22824 33557 35238 161
29653 1020 125967 212
34213 59262 50251 170
18106 85601 36854 127
10631 30708 89353 77
36120 44268 192449 201
32920 4981 60196 239
7799 78108 17504 10
18643 15282 37105 20
11514 18450 76099 202
38313 20060 169930 61
49502 48969 25137 213
45037 78776 197252 169
26016 49028 5823 110
37518 36902 55678 142
15769 43595 130279 153
28547 82805 127204 60
14813 79537 175336 205
33948 3242 113862 217
21244 33221 197353 217
14466 69742 137339 17
9787 41327 145903 128
43848 22784 89363 71
40327 54055 169679 166
10225 79779 196397 79
33490 37525 124815 0
7078 23638 127186 180
16303 55347 177424 1
33980 61914 69414 23
11128 24806 79592 144
34916 38848 184369 147
49980 37896 62177 182
38994 73147 51622 226
14344 81537 91480 131
3413 9 151280 109
34025 17143 29410 199
17855 81597 114152 231
5046 2840 33872 86
29965 68203 36718 171
46653 24134 67972 41
36520 36531 43335 142
25673 38506 119414 90
47306 61769 113416 10
22212 15161 178777 122
1003 17682 86680 86
40984 65982 168918 28
37657 36822 78282 217
17441 63830 46641 26
22546 57964 9940 98
8526 31794 105940 242
19070 46536 70105 95
21294 41592 116506 64
39907 54261 145472 238
28493 81895 130676 38
19336 77516 27877 43
18993 69840 44485 67
2062 56166 100620 237
39697 10607 156999 92
42541 18084 81675 146
39609 79979 75125 88
42348 31948 141029 105
6263 11180 58160 164
30541 29042 87020 38
44024 4524 140995 204
35799 71444 181420 206
35994 76718 83103 86
12575 73341 193099 226
39537 78455 148871 177
46010 75754 52672 103
44159 25548 71797 108
18455 36454 185758 4
37930 22820 38928 99
45789 71213 118439 91
8557 8206 32080 226
44633 85272 19214 36
15569 7636 143754 175
10720 73415 168830 168
30874 68573 159414 192
28718 65132 6106 75
32365 77791 175804 50
32024 23730 69456 19
15819 21064 20617 68
26151 24298 76023 164
14470 60894 150650 179
45124 60848 199064 10
6768 75858 27433 219
28711 72739 160650 51
26926 21372 196626 92
5909 16081 92286 115
4419 16031 12371 84
2121 60162 68401 141
13336 27974 164813 210
49351 42581 108683 114
6176 76441 76751 214
36108 79604 183338 25
12118 38040 121561 147
22465 16885 92083 100
47874 61604 94705 201
37856 18009 95854 114
11651 16351 89077 107
4693 39486 48310 228
17502 25001 86431 12
40721 49603 184596 10
27409 50100 29912 141
25259 13639 155028 123
20761 17564 89749 101
4199 37223 170248 110
46297 52759 75719 202
36765 13961 73945 78
21171 52342 170579 26
5187 66678 73282 213
23727 66568 38773 206
7672 21933 126654 238
41364 2808 35608 227
28799 33265 155244 192
33991 57005 170482 116
49615 49394 177734 123
13832 42971 167160 97
28055 63879 75723 50
7282 39932 191719 157
14268 55911 125721 61
37176 60839 16324 233
30652 16829 142748 255
4929 5432 139336 127
43893 8814 36871 44
40126 78513 186010 117
26389 41387 103847 242
1805 3967 174484 144
24982 58853 29301 124
5915 31829 9026 184
41369 75499 188091 50
18833 51033 8542 158
25059 41658 59838 134
34464 81562 134907 14
35037 79766 162544 219
1640 42170 153735 190
13364 46790 105004 103
6041 85635 32429 100
3056 74783 15087 71
5564 83210 97207 87
34131 59544 31280 229
30454 23167 119745 198
43460 68589 146781 248
47340 26362 22124 106
19161 79683 79290 154
15384 35095 188057 158
24045 40506 98518 178
19391 43074 175076 1
24204 154 88093 106
39954 46744 81977 120
43875 70316 5436 107
30746 45293 139290 38
31437 84855 150745 70
13593 2013 188952 194
31744 82933 151158 117
48534 11857 33641 99
9162 25913 103495 235
44711 17729 185250 122
35091 33408 7014 201
41609 25588 18993 184
15843 41355 109818 153
6471 27110 143728 151
10933 9215 81269 73
26178 2683 60923 135
40731 19730 81184 221
17880 68869 156304 237
49410 82759 130694 212
40903 756 114621 62
29141 69774 94924 65
31869 54608 41837 197
48147 42521 77949 89
41102 34152 11034 47
33037 39990 30993 120
22881 77683 11469 207
42621 34962 93935 194
4690 2297 112667 185
27129 74924 60904 114
43147 79071 70687 136
13468 50352 169891 17
15596 82186 45701 41
22444 63066 62758 68
36738 80800 185966 101
36605 48412 34192 15
38508 85067 100279 243
36955 29315 11851 20
49766 70836 143514 130
12402 21537 159854 163
6455 67767 97273 149
43041 41596 132613 175
10793 40026 158085 176
37227 83685 13605 82
21313 49767 107628 100
2225 18924 194735 97
44057 74771 182211 44
13653 6079 110135 100
22509 59882 135259 62
25088 21159 44138 178
29478 67094 100288 28
33543 14450 13550 71
6421 33768 132882 214
16133 49646 179510 139
2679 40768 5754 40
24400 5048 5355 114
47551 17443 168804 89
19959 36591 100788 180
29025 6380 48219 40
29938 4048 94074 39
29342 2691 119695 112
28516 20118 132677 127
16544 55583 168944 87
1864 8031 42263 73
13996 46903 142748 55
21160 334 131826 151
46403 16439 163483 65
1688 56466 7578 167
28494 9566 195744 30
8131 45783 25716 186
39730 25549 193314 83
31408 18191 108643 13
29555 39129 188822 80
26036 81462 96394 12
26911 47794 73871 62
24833 19021 25653 7
30144 57085 90964 247
21919 69314 41621 165
36623 29174 47444 25
27307 32420 53467 83
42151 18110 7153 202
7444 38501 106611 203
40577 10945 115787 72
39040 14330 40353 177
11505 3636 69042 58
15826 72008 182420 198
35436 82905 102167 66
6264 79068 133834 90
6298 20187 188157 40
47482 26850 153564 93
11911 31244 16382 164
3252 38069 30368 211
7804 27562 101635 47
47747 50149 11853 121
5203 66923 141280 145
17743 33840 50799 229
25022 42622 47932 233
12227 76167 199915 65
8702 19924 26077 203
2824 19351 161632 171
33771 52773 21406 241
27259 12047 35516 221
3033 5380 27100 82
10316 26888 29167 188
1722 24880 175671 200
10052 16932 39859 50
48186 61389 5325 152
6079 66275 52381 142
48604 6316 23686 22
14644 25995 37230 28
6949 77469 131694 173
23599 1097 44070 36
947 74501 85798 110
48919 414 85039 78
11974 1324 159955 28
35584 67201 169319 46
34711 85158 9723 143
2281 58756 30736 70
2454 8949 130801 37
45627 7797 194585 30
44290 24430 31328 203
40338 8533 40093 11
25061 14275 107825 20
37234 7691 97920 99
6286 69389 47332 90
31823 8860 101469 85
6851 39555 97039 200
15697 6765 78739 172
8128 41185 37189 3
35370 85348 39177 106
18082 66532 197497 123
28750 43292 198327 158
18860 68810 127038 190
14652 46198 106796 76
17578 74767 57681 171
43414 25229 102890 118
25796 30821 87166 70
32103 76339 72691 86
27513 46284 50021 16
42153 79871 40868 124
20647 10707 97350 232
33603 41415 102286 130
27133 81719 72169 54
38370 76663 198337 23
39974 12752 114240 129
28363 53164 131126 150
2035 40965 74303 10
22277 71007 162583 160
40178 9797 74527 225
22901 55405 196704 142
24156 37554 75620 33
40743 39872 79374 247
24649 58711 103361 114
14 41376 92644 75
22575 62807 103502 66
38471 10347 169301 36
20609 59547 81890 36
39329 11381 98058 154
20678 38653 177138 186
915 15640 185201 236
10609 25618 153350 181
49761 58699 153898 39
5223 35181 181547 161
17250 35535 182709 154
35235 73344 120254 65
3110 3060 13600 157
34353 53121 120223 158
27345 62310 197563 37
1210 6675 87956 100
16012 83686 37594 130
15947 44169 135723 23
16053 47748 111742 210
21016 47678 174526 23
37599 9776 65584 114
20502 24750 75059 54
18029 560 87575 64
12184 70746 198379 37
6046 37898 80524 46
15831 18713 85177 207
27991 57747 146846 236
42599 64064 19639 75
29933 26242 165319 9
37027 71240 129682 8
30970 34377 36150 196
22189 84203 122142 86
20415 78912 119248 213
43272 41412 161026 180
33449 45813 163856 186
27370 38001 152251 243
19598 76251 166729 240
22763 68829 75661 48
25064 33789 76687 142
7230 52577 129052 228
44938 43574 102847 135
17054 73961 50586 213
21157 40216 91277 133
44641 20466 53531 217
621 10906 101423 163
49447 9438 163703 41
14474 31886 89387 47
6198 77689 137983 227
22138 74431 44147 213
30381 10758 155765 191
48841 57194 56757 87
37484 42191 113369 253
25211 44406 53740 3
2792 34108 138305 198
5271 4832 33966 168
2129 28950 90326 233
45376 81223 153121 41
34663 80863 73891 213
12625 63170 78129 230
1617 83053 80353 169
31776 65483 185927 228
37341 28046 20267 117
6030 48154 48083 18
12318 23239 21882 160
46202 15591 159064 27
43735 59866 113363 247
44409 45043 38809 213
25703 52719 139873 35
17280 50890 89164 188
33445 59377 93655 67
3266 45678 156479 139
23016 74522 45320 122
8362 16226 101457 43
9789 50763 88192 247
33554 80911 154287 233
45440 41466 24774 140
24146 6129 56098 63
38878 5400 136851 148
20448 20920 54150 92
49393 38505 76842 190
43829 16870 114874 198
24951 68070 39807 13
7594 31085 39884 18
4392 38222 150693 219
19429 24321 120647 24
48423 74856 98523 135
30684 53013 8224 227
39839 21070 175642 209
39172 9600 31792 140
22557 83388 182650 156
24483 80970 180898 184
29598 22103 166607 31
24879 30123 50342 218
1871 52287 173434 180
37511 12414 39512 122
13065 39068 71867 81
38936 8795 128503 205
41301 62309 24811 161
20827 10736 107671 71
4723 45965 128891 248
18251 19464 5045 150
32142 81733 25795 80
41809 80377 109518 193
20925 8218 172686 65
17704 37230 30684 199
32524 45060 118729 159
26028 46882 104821 30
39671 59015 6735 98
40832 52299 75386 234
15798 44563 194253 102
41536 8772 122506 231
13456 35355 38890 24
36087 45688 109822 142
2906 8279 139012 108
17809 55403 124055 244
12987 8197 143344 119
39130 33408 57650 127
33656 32978 29365 174
26103 30252 156866 59
23647 67381 123629 211
549 77494 137976 98
3528 83053 178778 31
979 69013 100729 53
5999 679 18568 44
26577 5173 61282 94
6311 73919 130802 42
24390 76511 170277 84
1754 32839 53262 225
39216 15308 78120 158
11308 82940 36021 175
28126 63432 89432 70
32272 73237 169867 197
35515 12745 66257 17
10842 21906 95231 182
47735 68682 110870 51
5548 22345 54453 157
24949 80131 94461 223
24368 81182 168178 138
3089 71933 120270 83
44774 78 156991 155
35888 78405 87004 168
6918 73442 189776 59
32972 38368 6011 55
4858 78096 133468 79
14699 15989 8217 29
46845 1056 35389 159
5826 38289 112229 28
9459 79511 49085 189
45526 30155 188392 57
4259 67805 86470 22
9954 58075 75887 44
41589 56128 186082 247
31591 81624 136083 91
379 1787 55880 87
37010 79342 193375 104
23039 54335 42031 78
31205 76358 117442 42
36213 83003 131202 249
5412 48607 73534 213
49968 17051 130198 43
1411 49699 113190 79
11187 15645 166691 189
20597 60960 153022 125
40179 60853 78594 47
36452 22096 130627 211
49651 28627 154013 57
43440 48643 99026 161
6787 68952 58236 249
6488 12229 149362 239
45881 12345 88293 245
32599 81624 134075 36
47190 3024 55407 201
35861 52370 132670 207
43120 61037 93567 103
38175 78882 150222 177
24388 21829 163758 65
22629 38092 116558 11
40133 64340 86673 46
28262 9344 94213 47
4091 59876 71741 67
38453 15690 6913 125
15116 80940 31485 206
44916 24860 49428 176
26212 32003 120485 0
40672 59251 30516 136
48686 83164 119209 42
43281 21817 134089 69
18653 26760 88427 64
26830 44051 118179 36
24125 33307 58826 123
32291 83952 82413 190
4922 59811 192342 247
38047 3381 39688 52
5662 37384 164610 219
49542 58389 166077 68
41078 60267 104200 76
29547 27806 47242 234
32107 39135 31608 10
24394 12645 187031 91
20515 33220 89250 46
20388 61836 65327 37
35401 36275 15967 35
45478 73238 88853 91
21959 52200 170083 246
29880 56541 179532 122
583 34428 16331 252
41443 33573 127211 219
707 6296 7069 64
36657 50898 111083 210
7394 7027 32994 162
19925 44038 190084 47
6871 83523 41258 61
12847 80337 187861 124
4608 20740 149837 109
46657 57846 182332 208
22293 61682 65394 117
44153 45070 56804 27
9020 58554 149823 229
11138 24725 87401 121
47607 32081 133553 107
24744 49681 132134 246
28134 33516 62062 0
9082 53429 27101 121
2125 68640 169523 215
1323 2848 164247 117
47699 54757 119391 197
47931 29087 186420 68
22594 9326 128727 247
49742 33467 87070 252
17877 13451 60586 41
20389 55800 103605 252
9341 36489 76907 157
1677 52808 110263 41
5741 40671 109393 190
11732 63304 108393 164
13478 14383 22281 58
3947 33260 108265 180
3673 52428 27511 221
4918 72645 179148 204
688 1014 38367 40
34959 78046 66996 154
40649 29561 105777 74
7197 72108 70088 62
40883 9859 69208 235
7729 47253 78743 248
32088 25375 38176 139
4672 10923 30051 212
27486 84095 34823 169
13287 11094 23939 230
15138 13436 24563 0
43456 30011 23283 61
46416 85519 154270 69
4700 18983 63344 127
32377 68 80587 99
9600 42625 70296 6
7817 54002 61377 158
15834 1106 123796 54
2276 69325 84348 39
20454 75204 93451 98
15146 23839 116794 222
23667 74552 165226 246
47540 36389 67486 174
16649 75677 126202 77
39846 22319 60449 165
21049 5125 100183 48
43059 20130 117807 119
27845 65470 111902 154
22325 62731 103474 3
46425 69488 130675 47
22776 35108 79720 233
15194 19786 31835 209
43966 7436 61457 87
7628 22604 181584 128
35732 7110 85612 198
46263 22676 84424 173
12760 3945 68785 3
9850 75055 152521 0
39809 18734 83183 54
28086 14976 115306 132
24586 9652 68575 116
42607 74640 144982 45
9334 12844 188221 112
18079 81895 74789 174
8159 29853 192682 72
39599 16598 79099 46
34992 38642 21594 93
36234 5009 182874 3
8345 76000 45798 110
8776 17312 119912 97
11670 85397 32658 150
9393 64734 26154 174
7607 83200 79349 120
35416 40316 16280 15
8323 54348 111536 167
34584 43029 149952 57
46612 67412 58029 71
9665 81371 17888 195
48855 21684 63102 52
521 50744 80293 51
47755 19906 100775 145
15637 30043 102820 195
15290 13535 6718 108
38366 49289 166223 147
488 78461 134679 233
2240 27860 147536 56
21070 3341 46738 162
3159 27824 122716 133
1400 81659 117965 160
27634 46496 7311 162
5842 76529 123430 81
36202 74529 184554 246
21376 74090 41803 239
14963 9593 165123 118
16162 84201 84246 216
16123 41683 140765 72
44522 67957 128306 18
25282 63150 19429 13
32057 68150 185564 133
11876 51649 104957 228
26246 26183 52753 5
2630 7992 71631 29
26754 5025 133119 160
36236 61883 179884 30
16004 58825 119318 65
19584 68401 79330 56
17826 18979 187273 72
2508 12868 159392 243
24727 64890 44310 12
1274 58363 76462 162
13211 43491 103849 15
7179 19683 5611 254
45807 22406 152234 120
46170 68948 31458 136
22319 12292 88638 152
29551 55831 121737 81
9462 69219 98921 237
29528 53027 151386 149
5021 40891 48014 140
16211 33703 187133 26
39346 80828 109004 205
17149 47009 66292 203
5957 53128 197529 199
45222 40963 4566 8
26195 77190 100204 186
15946 33895 105290 130
21983 59421 9489 16
47109 47326 114455 123
4155 70505 113475 69
35723 85284 162336 146
8956 33994 185101 243
25323 51997 43163 218
27171 37860 51051 195
40319 3127 132291 234
7987 39857 12371 225
22484 39597 57645 203
32585 34570 175428 13
16629 49423 172532 214
25356 18246 91480 73
10147 24817 120059 22
28816 34327 82302 199
34569 77170 30969 208
12628 78616 105392 151
49649 71705 107547 25
36154 68602 127472 3
21735 84424 41031 129
277 43874 156936 234
17711 82764 103456 108
38200 84212 36884 181
12595 24058 118184 115
13379 8270 134644 10
8579 6501 25437 21
47452 85676 96611 145
24114 10720 19081 87
4149 34571 8453 69
12794 60938 199556 65
23511 30547 161898 166
2383 10333 175722 144
21356 64052 96136 10
15068 9886 66183 101
24427 29214 119006 225
7335 10302 199333 146
10066 18815 133916 46
30546 22382 87796 156
32386 76822 161196 182
27422 42666 88668 218
37610 42363 34896 93
27250 40311 95145 119
10472 67000 135531 78
29871 11231 148806 172
30657 37980 143433 64
42219 64805 52140 154
49193 68949 26319 75
9656 82911 83300 18
41 15176 88088 120
47460 50654 29042 144
4062 27265 186630 200
47730 6042 104262 102
19953 73140 177129 40
47574 80699 45781 82
12577 25525 16106 54
3446 34511 29393 228
15798 36791 186216 108
40463 29131 40995 51
41499 70966 34050 132
28453 18189 61738 229
9349 67207 123088 229
40768 37119 79737 86
38946 12962 33069 159
40047 68463 125307 14
21802 70895 186248 200
8279 85163 68951 121
3884 45438 15473 123
2778 68715 153864 225
24362 42190 37113 128
34941 2873 116313 95
44972 23837 56827 43
32948 68676 54602 232
25017 17596 7948 60
18256 40037 93132 198
35586 84994 146344 142
15424 61774 75640 34
17993 49096 14631 136
3685 80537 157179 28
30719 79715 80102 164
32681 39916 63551 246
1319 28041 105453 234
16398 67371 7239 124
48130 48824 186307 206
39471 73225 76282 102
7203 33983 53576 133
15219 81116 29717 242
11186 56036 189605 29
28192 16960 183943 139
30240 73115 82491 142
31657 20456 26176 184
45866 34450 131573 147
40927 44404 4562 2
34549 73077 149965 234
10640 10511 134904 96
9589 81931 147817 229
39797 45659 24627 231
24403 4741 81215 248
24732 45892 95270 103
28063 81684 21042 182
37595 46516 173491 59
19941 51515 120134 29
31083 31079 134309 134
14502 45722 65285 103
46096 21525 130365 113
24760 57130 98349 224
9466 34992 170499 200
10889 80053 69690 129
45933 35844 98280 173
6867 29679 85004 247
28158 11152 50391 170
26906 71729 179676 209
45094 27284 197618 4
24990 17912 41877 55
42326 49185 26490 203
44853 16109 115708 156
13305 52308 69836 69
12446 66605 151666 55
18808 9250 130749 20
8597 39203 113823 233
22748 18264 183280 85
46767 19992 58990 210
12873 82108 162938 41
24876 60044 49050 251
42818 84644 58034 121
20592 39401 12054 163
17170 43919 41415 76
46704 49621 90281 110
40282 55802 145377 32
43805 25177 97581 4
5069 52778 182438 219
45193 13280 134585 205
28055 63865 134203 203
48868 70183 147636 40
46427 52746 193948 154
11406 75379 75783 30
46167 42873 167594 80
36271 2535 60853 203
21925 17568 77798 168
48809 38381 97165 211
36313 68823 70240 64
32286 43930 107179 135
4263 81571 101426 180
20465 48679 12387 65
2337 29214 148300 182
32330 72454 53125 81
15469 27574 186445 216
6621 79916 176876 241
8188 37329 106334 53
15269 27775 184769 69
19304 18064 151827 219
37849 9917 128480 187
30607 85367 69388 186
14732 79827 106330 60
7402 50818 183583 210
7521 55285 132283 125
43840 64930 119205 89
14053 72012 67410 8
44520 12645 184202 81
9647 5735 177731 230
21115 9962 143425 24
16376 48753 167319 184
8722 13867 53402 158
8549 2710 90637 187
21699 64839 175249 76
40386 67861 147497 215
26219 34895 56507 224
5706 42337 181493 127
36023 66162 25451 9
26689 60591 150208 81
15057 57147 57462 44
37484 62535 115926 55
489 12285 20695 67
3378 31295 134649 213
8368 10725 70586 118
44150 46587 35455 188
44804 42659 63038 115
19506 72349 168911 36
36024 65461 191376 230
42446 21538 21521 90
6310 19213 62029 24
30346 49861 123588 15
41694 43263 173205 168
22773 13786 14244 250
5784 28769 195047 200
33850 80928 192918 253
33975 15756 131346 88
13312 41833 96206 23
47654 347 167440 107
3549 34914 184274 136
40021 8977 14743 91
8415 9505 50613 149
20934 6969 180779 96
41673 65677 31144 70
439 3458 34490 38
39823 59682 109925 251
11744 30223 42125 20
4401 67335 129650 112
27959 68332 154857 220
8966 66375 137222 232
32672 15884 191326 245
23837 39829 160464 159
20585 17129 139495 123
2013 61158 114084 159
1486 34825 149336 238
21395 43172 99573 62
38556 68667 21821 32
22990 85447 39418 195
11367 10541 185384 85
28892 49569 29927 206
7897 70747 158085 33
7365 13545 94839 69
5263 66637 29220 145
30435 47009 199236 234
19502 11770 63669 238
6045 74580 130695 84
812 67014 131948 205
1811 78756 134273 74
8787 13278 57354 240
45642 70468 169636 173
23375 24345 45161 134
25388 16094 85016 29
33506 48680 154488 48
48118 4049 114190 60
1779 49389 158284 228
33932 28502 43020 147
46038 74169 189222 235
43981 14136 11158 122
49201 31669 186949 9
8607 24578 138405 96
17623 38893 139562 54
8796 23278 64294 190
36942 53381 8881 154
17384 43036 157166 201
5445 67941 50619 208
7594 57959 126876 43
43650 21593 198084 123
16440 19805 145875 136
38505 48481 190976 193
19879 30002 42558 84
47653 64993 85549 82
46618 46589 108127 45
38037 67726 81069 149
5379 13137 57341 59
29685 36198 60999 197
31241 54165 42151 12
27446 50179 37118 17
36225 56409 135795 111
27398 70984 195347 98
124 58675 15216 135
32940 67380 165029 235
9455 83131 77956 115
45251 33047 161883 62
30368 41658 140284 45
7581 27724 48230 144
49733 44261 127268 231
908 63814 192071 94
10842 79824 34355 115
13020 13785 116350 28
45584 44094 89849 162
25111 25456 46229 46
41575 38321 116685 203
44175 69803 158688 182
6539 69984 172760 93
47108 74979 110726 246
48121 25906 153685 144
44524 48032 177631 200
16711 61474 184713 104
39390 27622 93308 52
24472 47926 86660 36
19920 43603 138143 17
13477 12762 17818 70
8252 27821 131278 234
16209 38280 67342 44
15025 48497 118334 171
40782 26190 172194 61
7016 44505 143933 94
43275 46485 172034 120
42415 8443 15568 165
38481 23743 65472 154
13324 671 161636 124
25041 2309 173640 187
33308 50823 146821 121
33488 82342 18360 244
20360 8584 176550 47
13446 32443 34932 213
30242 80583 8033 35
32175 65245 163514 117
43437 24185 162974 87
7850 69089 179905 124
6041 18898 145851 188
41507 44161 64137 186
3306 27765 56535 175
29939 23151 6893 96
5963 55266 62487 224
4378 28334 63780 232
28746 56378 34162 162
28354 57017 78050 240
17613 5391 41620 152
43836 21101 46071 150
41524 9610 38556 93
23345 81596 56272 250
39076 4402 94572 224
9661 70594 68953 150
38380 4032 141230 132
6944 51636 110718 239
44847 23866 197507 22
16018 82735 60214 254
29019 31511 152149 14
33371 1031 12248 15
34505 40095 38590 108
34920 27760 30677 236
20305 16387 66519 255
27660 1938 112127 246
17833 54646 184060 180
31093 35756 75110 120
40505 14681 14204 126
3958 29977 103451 1
37666 5079 60410 35
31191 2068 10983 147
35054 60709 161183 230
47175 11079 101228 35
4333 45177 85174 187
23012 63830 57754 80
1434 38345 109824 97
41383 23961 176394 9
41946 77600 66167 75
5365 82650 138759 57
26194 56095 44857 24
18996 69257 91140 165
890 20384 115882 154
42467 82929 81135 84
45453 27842 76016 54
40553 51652 127700 170
39065 20725 54234 154
47 18676 162153 83
9664 79052 66232 66
16551 65600 124019 48
