63 204 108 119
197 200 39 91
111 205 108 125
109 140 91 163
194 242 33 189
71 214 91 190
178 229 90 29
141 107 101 59
155 15 73 130
112 160 110 152
183 175 81 74
154 89 88 165
201 158 96 86
239 47 33 30
73 23 60 171
107 242 78 240
218 238 97 210
143 135 67 70
105 139 65 148
99 14 120 211
125 212 120 89
180 62 90 60
199 16 23 198
148 109 118 52
158 179 95 132
58 143 108 123
250 22 75 93
231 146 95 94
237 138 119 103
220 98 112 132
165 94 120 83
49 173 64 14
157 223 104 62
96 120 84 118
229 97 87 135
183 240 72 7
215 51 110 176
150 229 58 250
53 44 106 148
76 198 110 210
153 90 87 130
131 125 127 244
48 160 31 209
84 160 87 243
89 175 65 203
246 70 111 179
51 169 93 92
193 13 113 112
105 17 53 225
229 67 103 252
109 110 119 181
80 255 101 31
216 92 85 58
181 172 113 174
150 44 75 179
255 255 110 132
48 10 119 131
190 107 73 152
163 67 92 2
63 92 109 158
88 2 73 54
203 222 118 28
210 119 100 155
146 20 62 169
135 22 58 114
207 220 118 120
235 241 31 167
235 247 106 166
255 106 113 110
139 207 82 22
147 111 99 125
209 184 87 83
246 119 118 159
77 39 69 126
87 134 87 144
175 1 57 115
254 78 101 132
243 251 100 171
81 105 38 31
115 60 57 109
239 118 111 222
224 81 77 208
203 154 34 117
191 141 80 25
194 29 96 163
62 248 121 171
54 100 33 115
187 146 105 238
92 47 99 64
201 247 127 243
190 173 92 64
176 175 77 225
69 169 109 159
93 252 35 23
127 166 25 188
243 180 103 245
115 94 90 104
54 151 85 149
114 143 99 73
151 174 115 24
252 78 42 11
215 94 108 97
169 254 75 24
155 225 90 7
215 183 65 170
147 38 49 217
72 8 91 193
160 103 74 186
54 9 126 206
179 92 123 58
254 38 57 140
53 51 125 145
147 231 63 162
53 148 124 79
190 86 107 8
142 253 52 161
73 191 92 183
91 132 95 231
132 45 110 20
216 50 124 140
201 112 110 64
105 233 82 163
228 221 90 140
202 242 98 144
210 179 67 176
150 51 64 34
181 30 99 83
161 70 24 199
95 151 101 124
110 16 121 173
238 244 97 20
61 39 96 54
133 61 126 147
99 56 84 215
87 13 73 154
238 62 53 217
135 142 110 225
80 251 109 79
210 201 101 214
193 148 107 134
139 255 80 196
190 72 62 21
197 238 76 172
119 108 88 177
191 109 34 96
131 47 74 233
65 133 103 11
135 180 97 170
217 108 121 232
161 217 83 189
224 30 110 145
117 66 70 17
249 40 79 43
248 139 87 127
130 61 67 4
137 117 55 19
171 5 44 133
177 244 36 50
108 3 112 233
206 187 55 160
126 52 70 41
66 201 113 83
250 20 117 140
181 63 123 244
237 56 114 139
184 248 117 155
87 243 83 187
127 136 38 216
96 123 124 190
177 184 65 201
83 141 45 83
126 128 101 143
229 96 126 176
231 26 52 88
215 250 44 60
94 37 94 66
58 52 14 227
213 5 112 245
100 78 63 226
165 181 51 227
162 27 104 27
106 252 112 255
152 231 111 135
50 124 127 213
66 31 88 27
125 231 44 8
220 128 119 169
225 142 88 155
216 105 127 168
247 154 46 101
202 189 55 210
240 127 91 92
90 225 54 148
62 80 98 218
209 144 68 229
237 199 78 154
61 194 75 114
169 201 117 92
58 2 104 210
253 24 94 183
112 116 122 148
191 250 47 148
191 189 121 146
192 74 89 236
208 237 58 171
138 9 59 170
66 210 102 218
121 71 102 10
92 96 11 146
70 66 41 127
158 223 112 50
240 48 68 213
120 166 60 1
118 33 112 166
154 113 119 8
162 15 32 126
174 200 101 144
196 195 114 253
82 179 107 169
221 186 76 173
103 73 91 206
137 215 97 67
227 165 104 56
71 47 105 241
244 169 117 195
159 112 65 4
200 6 88 198
233 251 64 184
177 234 80 85
216 118 89 145
220 53 92 207
60 78 76 79
219 19 76 202
169 227 42 1
93 223 114 27
148 243 121 86
187 226 40 190
121 247 64 21
119 95 114 226
185 177 81 143
217 243 28 188
51 208 29 157
55 171 104 203
203 82 68 116
192 43 71 215
125 134 96 181
168 40 55 78
207 32 99 193
70 146 116 64
154 43 95 39
117 125 29 255
125 91 79 194
135 198 25 36
213 199 101 14
132 64 112 252
89 69 124 223
62 219 84 42
183 168 34 2
242 120 60 60
97 213 85 163
63 96 111 178
115 110 113 85
221 99 54 178
86 160 62 235
176 168 81 117
179 49 43 209
184 209 89 219
105 39 46 6
89 199 94 248
186 208 103 71
136 163 40 140
63 107 114 8
69 230 109 144
250 176 82 119
150 197 86 146
209 58 82 55
206 229 46 176
55 123 98 30
140 140 35 246
226 206 78 133
224 69 86 65
230 4 111 230
123 242 89 231
62 224 46 35
134 190 117 49
69 184 54 232
181 172 97 112
235 204 127 91
118 61 97 161
112 174 13 170
102 10 98 103
59 61 97 85
103 249 84 163
84 136 94 15
49 139 91 104
250 132 78 179
120 218 110 164
224 159 115 136
81 161 109 37
163 34 114 30
164 226 48 85
107 79 15 127
131 116 70 41
166 74 110 108
174 127 56 100
62 113 16 76
180 247 124 63
245 102 60 94
196 224 61 169
98 11 60 183
137 143 10 210
80 38 45 11
121 157 69 22
238 170 114 48
83 47 39 27
148 222 126 72
88 71 66 237
123 204 41 131
56 12 75 35
159 88 97 176
171 67 75 207
90 118 99 238
136 184 86 44
215 240 66 235
96 105 103 44
226 128 104 135
243 227 103 155
224 187 94 181
146 62 119 125
72 76 117 230
49 168 91 34
194 103 89 165
71 74 39 172
163 156 95 157
67 134 122 136
93 249 116 96
64 158 107 69
161 104 103 136
255 172 44 64
57 196 118 89
174 150 126 155
150 188 114 190
229 187 67 79
53 186 126 208
222 26 72 68
183 237 73 67
96 75 61 91
246 127 62 209
230 49 62 194
72 104 123 73
151 165 126 137
89 67 117 209
95 236 42 10
254 206 75 237
95 37 111 56
221 118 98 97
169 77 122 245
127 213 30 212
55 240 92 74
142 93 47 40
240 121 61 0
178 69 85 115
252 101 56 44
132 228 54 155
114 101 93 23
192 73 95 196
67 247 72 11
119 6 90 32
158 211 89 175
238 75 51 148
101 96 111 126
170 57 45 123
71 254 118 61
172 123 105 240
48 74 94 68
99 118 89 21
135 135 73 74
54 173 79 90
76 148 81 225
77 35 68 72
253 104 125 199
149 121 108 16
162 51 86 241
209 78 41 167
146 189 118 253
169 184 84 165
98 173 102 59
162 180 104 122
63 212 114 74
101 40 73 74
88 179 123 3
189 93 84 214
145 209 45 93
174 14 115 61
172 178 80 41
253 86 89 70
98 12 78 30
231 50 104 83
119 147 118 81
113 105 52 238
109 136 59 207
228 99 79 192
58 225 103 119
71 25 127 241
247 157 108 147
106 164 76 61
238 57 50 110
48 193 123 233
172 239 77 93
101 136 97 192
122 47 70 185
187 189 57 62
225 165 121 65
80 162 71 70
136 183 125 35
190 64 84 112
77 17 10 192
122 101 73 160
111 199 121 160
126 66 106 169
225 225 126 90
113 154 100 235
158 216 66 187
51 184 87 91
210 72 51 208
174 153 56 175
146 77 54 124
145 141 95 76
175 172 116 167
107 103 127 83
242 116 119 64
181 150 111 213
131 243 69 68
231 63 54 102
56 214 85 104
108 233 108 100
109 250 115 197
58 9 87 25
75 102 106 195
170 30 111 143
221 1 102 8
123 136 50 92
100 99 105 98
205 1 18 193
165 192 62 39
103 164 96 159
227 45 61 211
204 157 125 153
220 147 105 249
235 79 58 83
87 204 77 150
110 178 110 226
225 76 109 75
70 70 60 160
182 105 81 189
210 116 10 49
89 138 77 93
170 2 90 121
219 232 106 96
54 162 72 94
94 29 120 6
224 161 92 246
121 84 105 23
177 87 116 122
235 18 27 20
48 187 68 87
131 125 78 89
143 65 114 3
172 178 20 189
171 245 112 176
242 10 93 58
160 178 115 159
170 151 118 186
109 167 56 24
120 244 85 38
228 115 113 72
71 208 108 114
217 248 42 16
66 43 43 135
89 181 70 66
234 55 37 147
191 247 36 235
60 181 41 171
84 173 27 96
197 140 114 89
243 93 85 201
142 180 106 3
174 244 108 138
250 140 24 160
132 87 45 1
164 241 124 97
225 126 117 203
137 229 121 95
127 71 104 95
207 179 89 206
176 182 13 35
128 172 125 181
216 111 28 241
101 210 37 170
145 5 106 254
105 46 126 78
202 61 118 240
61 147 124 166
62 139 127 215
231 184 85 151
199 242 105 140
88 201 97 4
85 50 97 222
216 4 33 0
101 165 83 89
178 33 64 102
211 116 101 101
102 245 110 42
243 250 93 244
205 169 111 55
63 11 89 94
196 131 124 41
78 34 66 203
58 56 113 91
135 197 20 118
166 66 118 145
91 110 77 128
49 52 71 45
69 68 119 96
175 97 72 181
119 216 96 142
237 85 77 16
240 140 68 247
79 19 57 224
150 115 13 82
203 175 109 186
128 214 118 235
108 25 122 227
185 226 118 220
205 13 16 228
83 118 66 222
252 34 113 101
52 243 111 46
226 2 64 150
118 185 64 135
170 87 126 36
204 202 57 182
213 84 104 95
93 177 103 109
224 123 118 239
137 79 106 152
92 113 115 91
132 115 94 74
68 88 18 39
145 150 82 16
205 205 52 56
129 109 110 53
196 144 64 156
205 162 77 104
114 183 54 166
178 246 99 221
171 144 81 222
87 56 51 197
184 93 41 2
200 58 103 252
145 134 44 231
153 137 74 41
233 35 61 32
175 138 110 189
166 187 40 58
212 125 89 87
61 255 125 95
235 97 98 16
55 255 107 78
224 166 94 239
100 71 30 54
166 28 65 16
129 56 122 228
206 234 76 169
253 125 46 90
53 135 77 151
143 33 82 116
150 167 106 172
131 114 88 196
187 192 87 91
156 202 117 114
82 54 43 29
59 141 79 253
164 136 44 14
158 14 103 143
161 153 110 113
98 224 114 148
120 68 113 94
218 254 108 21
65 21 77 166
106 192 125 190
80 24 16 210
233 30 122 113
154 7 92 185
163 10 76 231
170 122 30 113
160 239 126 252
127 71 104 83
230 76 106 151
48 5 43 73
249 68 83 68
239 135 111 85
49 223 80 202
177 13 121 123
168 200 3 29
247 104 92 67
213 33 120 183
61 82 47 26
97 14 102 136
84 253 97 50
237 151 101 188
68 112 95 202
155 202 104 132
57 252 83 147
187 234 68 181
121 90 114 222
222 179 84 255
154 153 106 26
142 65 94 47
209 149 127 62
83 92 42 59
129 209 25 196
178 147 86 174
62 38 51 156
85 30 123 128
232 158 70 151
127 44 32 95
165 5 98 145
164 5 104 242
195 20 115 92
242 144 114 255
176 98 54 200
216 147 71 170
92 62 20 14
145 180 114 102
58 235 63 235
77 115 95 51
97 150 89 34
64 73 70 109
209 55 93 237
142 92 37 110
73 211 72 46
208 252 68 5
92 163 61 255
78 167 92 188
200 115 19 53
212 119 74 189
234 12 104 151
120 193 90 22
186 211 97 252
221 72 47 225
242 150 110 57
80 215 115 123
89 89 124 111
163 175 23 235
217 95 77 8
178 46 127 31
98 232 53 231
124 238 71 31
141 68 127 248
215 226 61 56
173 169 31 37
176 50 100 102
164 2 97 104
115 47 55 163
86 76 75 40
78 20 92 157
156 200 88 204
74 154 116 11
106 216 110 249
67 161 95 155
224 205 96 146
189 23 65 108
124 147 44 191
157 89 95 2
190 218 48 18
184 239 12 150
118 58 99 140
142 33 56 5
177 126 75 103
69 197 118 216
224 57 118 19
147 130 78 140
130 5 51 24
126 233 123 235
74 193 121 52
81 243 116 53
198 148 76 3
225 65 72 161
124 40 97 202
104 75 76 34
81 58 22 23
122 39 105 60
242 216 89 108
144 53 113 245
131 106 85 128
132 123 18 28
244 222 113 70
165 216 111 195
239 79 15 123
136 148 111 119
51 231 94 69
187 51 44 118
116 157 95 9
57 238 85 141
115 225 104 61
92 0 111 150
233 2 79 133
179 144 90 236
129 161 6 102
237 96 53 112
109 181 117 247
89 19 55 71
143 144 84 229
170 136 63 17
110 49 102 165
84 59 69 6
176 159 125 28
161 147 122 110
249 214 61 185
169 12 121 114
118 14 65 245
95 27 34 77
133 219 83 182
90 18 102 113
242 46 23 140
201 246 90 39
168 48 113 220
88 255 71 48
142 82 62 248
226 26 36 78
124 83 120 80
82 236 98 187
181 54 103 28
177 32 76 210
199 98 123 17
194 151 120 243
48 205 62 100
167 170 111 63
62 253 88 7
164 192 127 47
72 155 61 212
151 142 98 217
157 6 42 146
89 189 24 52
180 207 110 157
78 28 118 12
234 219 114 27
229 232 67 230
217 72 83 187
225 236 59 0
76 102 112 7
175 105 105 209
97 70 120 130
192 68 109 72
57 132 31 185
180 88 126 122
79 218 109 203
159 192 89 120
231 17 121 46
252 42 22 136
84 39 96 81
142 111 36 36
146 55 52 215
183 57 112 199
75 101 54 114
94 219 56 185
87 244 52 52
230 85 95 37
173 230 67 71
112 45 21 72
147 211 48 67
178 168 47 98
179 157 115 58
183 194 84 125
59 107 75 35
132 168 80 186
159 81 102 46
103 233 93 210
158 50 74 246
221 42 124 0
166 64 58 1
140 224 117 203
215 221 39 215
147 182 48 169
97 195 117 226
156 213 97 227
189 119 109 21
200 43 90 108
153 170 49 19
185 163 96 238
230 62 54 117
151 229 80 36
151 47 54 54
70 191 16 48
181 151 69 199
94 20 96 63
164 71 108 230
73 150 63 145
251 226 105 236
172 211 108 21
148 35 124 108
132 68 111 24
250 245 75 7
119 37 107 202
141 147 83 193
194 167 124 15
65 141 118 168
148 197 93 133
254 150 111 255
162 22 47 15
50 24 21 232
203 41 60 9
104 6 81 92
77 66 67 7
214 47 72 134
111 65 92 178
221 47 112 89
187 172 125 144
73 98 44 64
108 122 78 42
139 16 124 220
137 239 52 142
51 169 97 226
111 90 101 42
90 95 99 43
252 79 125 168
90 174 48 87
242 1 124 86
235 63 110 50
221 172 65 115
200 232 104 26
157 72 114 219
70 96 118 138
133 207 55 240
105 81 116 123
242 158 90 33
202 137 101 115
159 50 58 66
135 67 120 229
125 25 97 167
55 250 86 164
89 150 22 174
81 8 66 53
83 29 90 62
135 95 65 167
150 113 84 93
91 56 29 165
234 67 114 1
52 18 64 224
68 152 59 164
193 175 65 241
149 175 107 100
139 66 88 119
163 237 124 224
144 94 13 88
254 228 76 176
190 65 77 147
248 230 120 202
145 118 125 32
197 255 122 83
97 10 78 102
218 51 111 128
55 180 61 19
57 145 77 182
187 175 60 219
130 103 96 123
254 158 115 200
172 85 101 250
242 154 96 156
209 229 87 177
234 39 64 163
197 120 123 205
192 47 74 130
223 224 89 104
78 70 63 190
118 111 95 200
194 83 76 197
58 45 72 135
100 134 124 129
66 75 121 248
130 90 21 13
116 230 124 230
182 231 79 217
133 32 97 243
241 220 124 32
91 233 106 176
94 213 103 204
117 125 113 113
105 83 75 152
127 93 101 132
157 135 127 209
71 216 90 139
148 136 124 3
194 138 95 237
81 192 119 81
136 214 119 171
104 167 99 158
253 12 65 77
138 211 114 212
187 145 53 161
184 1 70 171
119 59 19 141
77 205 108 167
69 82 127 10
223 164 62 176
76 149 36 84
238 175 117 239
178 26 113 189
169 38 60 109
170 28 74 23
147 223 87 243
115 104 22 139
78 199 72 124
198 163 80 23
85 46 114 244
114 2 26 204
163 135 121 208
227 159 49 12
160 217 104 242
91 178 94 214
211 79 108 72
51 214 126 134
189 29 75 215
64 240 94 177
146 89 48 243
221 154 105 220
83 65 123 97
135 147 114 16
54 173 110 73
149 20 85 243
83 228 60 240
112 84 100 192
232 55 53 153
142 95 60 187
86 21 108 174
237 117 112 200
203 118 123 42
61 77 83 146
220 108 111 246
73 161 126 199
252 133 68 205
244 44 85 51
75 14 42 25
238 93 88 46
216 219 53 120
141 161 121 99
70 83 25 132
228 203 109 42
67 120 64 20
176 113 65 248
240 41 87 227
93 84 59 35
215 252 77 78
175 9 114 128
162 177 103 68
101 236 110 19
124 24 101 148
227 119 124 0
169 168 73 136
191 217 117 100
239 155 99 216
117 10 118 199
66 152 44 236
107 21 61 78
82 181 81 164
66 137 50 178
151 64 39 244
85 116 26 187
109 175 92 248
98 76 123 136
156 166 81 61
255 68 123 135
173 187 107 243
160 96 91 87
181 152 123 26
252 97 49 76
227 238 99 100
214 105 66 111
199 111 126 20
217 147 50 245
124 186 116 130
159 182 104 3
150 110 121 157
90 29 118 144
153 164 80 144
142 230 67 133
109 27 97 176
85 50 105 70
55 56 80 247
74 90 39 43
71 191 70 134
241 11 97 116
251 144 69 53
167 19 127 181
182 180 102 58
105 204 121 1
196 25 74 103
52 59 87 127
82 188 112 63
69 78 55 110
58 151 115 237
237 9 34 28
102 132 105 64
68 19 54 86
214 226 122 143
149 249 83 58
236 90 62 57
129 246 100 151
115 125 53 129
225 109 107 176
197 69 112 73
226 231 124 120
112 108 25 13
252 198 71 71
237 15 92 200
215 75 38 247
87 225 119 14
131 143 58 37
116 46 37 70
149 12 115 91
156 9 102 199
234 79 108 160
209 109 86 136
92 12 60 131
253 210 100 5
109 86 13 175
118 117 109 65
149 179 112 30
56 252 123 43
200 12 25 203
102 77 124 72
71 133 40 92
225 133 57 154
178 169 104 24
146 53 57 158
242 155 105 100
254 8 102 77
132 149 93 178
86 167 56 254
140 159 116 42
170 115 97 93
250 18 52 110
80 31 106 1
69 98 105 126
73 74 118 236
155 137 88 151
134 38 79 245
219 47 81 10
179 98 64 11
191 148 41 6
124 190 68 204
116 5 6 232
170 237 107 131
200 229 120 147
221 19 94 233
67 64 126 250
234 89 111 69
74 212 97 228
220 114 121 61
71 62 112 173
77 155 110 31
161 182 123 138
234 88 3 234
106 5 51 211
187 254 114 232
215 155 86 0
77 143 123 33
141 149 99 52
53 152 98 142
236 112 77 192
54 123 50 86
50 35 121 97
180 23 30 196
101 249 87 52
146 117 117 26
229 40 121 21
97 3 90 176
155 14 126 207
162 94 42 232
75 171 61 182
103 55 87 119
93 253 104 120
165 80 77 67
234 88 52 229
177 189 124 76
71 229 39 239
69 117 119 237
119 252 56 171
90 32 117 160
147 103 98 173
59 76 27 188
173 217 116 160
148 230 58 24
221 152 28 44
98 83 98 223
60 252 43 214
85 230 7 48
122 244 69 19
230 62 81 89
95 36 97 112
132 56 102 83
215 187 102 24
223 14 98 89
97 144 34 176
208 227 58 107
111 85 100 98
96 33 101 9
163 30 119 111
217 194 114 29
126 81 116 231
230 218 87 137
246 130 79 100
211 187 87 41
180 185 58 119
205 132 98 88
69 166 120 203
200 49 109 46
56 250 118 66
76 179 95 76
232 204 100 73
169 154 116 76
199 182 93 98
106 125 121 40
139 45 98 40
210 62 23 126
115 8 37 8
67 200 82 172
226 197 121 0
111 52 65 13
57 145 81 50
79 131 88 217
159 218 117 225
143 217 78 46
227 218 79 18
220 172 100 141
134 144 90 161
124 39 72 82
61 136 88 36
242 157 35 202
151 224 51 221
78 105 118 92
141 107 111 36
165 104 122 206
109 134 78 69
100 12 52 120
118 25 103 163
106 87 88 191
114 58 17 223
145 248 103 158
215 140 46 221
206 186 46 122
127 146 19 228
197 157 63 128
143 222 80 227
191 251 117 7
181 104 115 68
239 72 102 127
243 40 104 36
191 12 90 126
104 25 15 167
55 16 69 16
50 117 65 166
78 241 107 160
104 172 121 215
78 143 70 57
49 145 58 188
194 96 98 29
106 249 87 178
116 81 79 53
137 25 119 118
128 254 11 201
214 35 110 110
239 17 122 81
181 106 116 5
186 174 72 212
112 80 94 156
177 170 106 69
132 205 124 84
221 5 103 189
201 119 63 161
114 220 96 92
203 2 121 40
88 103 71 210
94 94 75 201
65 154 93 44
201 241 28 185
76 159 98 224
189 53 22 137
74 236 93 1
246 32 91 210
173 63 107 212
160 239 105 120
163 157 74 211
96 208 46 23
168 172 56 51
235 42 99 192
219 134 105 166
142 211 95 250
79 248 36 36
123 33 126 148
202 93 62 9
162 140 101 210
166 246 89 43
181 10 115 236
177 214 36 68
194 37 47 19
68 92 111 185
181 64 118 103
198 94 115 85
128 179 32 246
60 255 30 29
193 53 73 34
222 114 94 30
215 214 122 141
167 124 95 32
186 118 68 55
156 215 97 241
160 207 99 218
146 127 48 168
186 47 56 193
193 180 121 67
202 24 126 200
150 188 115 212
253 80 126 160
195 226 114 10
76 9 101 87
221 19 8 66
237 212 96 64
155 179 125 231
226 151 65 54
72 110 72 81
226 139 55 133
186 232 81 131
251 165 84 100
218 46 107 80
147 174 65 199
135 1 52 165
68 186 109 222
58 97 97 150
134 132 82 54
108 198 26 235
108 50 31 249
252 237 112 53
111 83 74 33
183 106 84 86
168 168 46 40
90 185 73 187
179 103 116 40
231 125 71 162
168 246 100 59
238 29 107 178
99 116 73 2
209 245 105 11
254 58 111 153
254 120 44 110
150 76 120 121
54 189 111 40
117 36 119 166
230 31 40 229
97 94 92 42
230 186 122 183
201 42 32 59
96 121 120 16
49 207 110 160
238 37 28 155
134 10 103 249
218 179 46 169
148 184 69 83
79 219 69 232
155 254 89 39
192 100 83 164
57 162 73 210
120 140 121 197
222 133 61 59
133 249 54 204
88 147 72 161
76 159 77 95
156 54 57 16
127 232 58 213
195 224 107 196
62 240 84 8
138 205 58 34
194 38 111 12
219 236 115 38
204 158 118 164
119 119 89 33
225 172 67 92
64 107 63 207
104 49 61 52
94 234 113 104
81 29 27 244
183 26 115 158
87 73 54 5
139 96 27 115
217 193 95 72
71 80 93 66
213 97 117 106
145 244 99 65
136 42 114 155
51 42 90 199
106 136 86 25
227 142 125 56
167 23 80 252
230 133 102 25
155 10 81 164
129 72 84 146
81 31 126 26
172 144 104 250
167 100 119 56
188 169 126 56
108 128 123 209
82 180 36 27
237 237 103 240
107 180 99 113
168 48 49 200
135 243 109 81
240 34 99 155
69 164 74 78
221 173 88 1
117 71 119 161
54 213 122 102
150 28 122 209
247 126 47 16
201 95 54 157
117 52 111 8
123 14 55 218
121 235 83 247
252 150 98 174
175 217 118 104
174 211 103 143
55 133 92 1
112 243 48 243
243 10 55 223
65 121 113 128
249 94 46 18
113 11 39 117
127 225 110 198
123 15 118 87
192 43 63 155
239 131 69 194
184 199 116 235
128 28 56 151
107 3 12 22
163 207 43 181
251 242 124 32
52 88 122 21
144 3 57 170
172 202 91 58
243 15 118 35
229 194 55 239
161 89 67 157
205 236 77 85
146 232 97 234
148 127 60 91
70 171 85 4
198 129 50 135
75 81 38 195
66 152 107 29
236 170 41 180
183 66 114 25
94 173 83 0
212 15 104 92
168 28 108 164
80 104 124 99
152 233 67 205
60 142 100 36
141 227 46 87
247 225 95 118
215 181 66 112
106 201 104 212
107 204 113 100
222 234 110 248
214 115 87 122
221 194 90 146
117 89 76 168
75 232 100 211
200 233 59 156
238 205 113 156
239 70 81 115
238 132 104 179
124 60 36 208
212 227 108 135
134 220 83 2
156 221 122 220
169 235 75 120
104 208 114 212
103 4 79 171
98 225 112 124
146 22 83 154
166 120 104 202
71 121 108 49
55 35 103 157
119 21 48 250
235 1 96 242
55 95 83 54
193 37 62 160
70 67 42 195
131 207 33 169
135 240 101 232
66 77 124 122
207 68 96 165
194 232 79 101
51 181 86 255
131 17 121 125
251 103 66 24
242 79 27 238
119 225 73 184
243 96 98 236
211 178 116 254
132 81 85 100
203 33 94 37
121 235 63 92
135 58 107 122
122 237 107 228
120 50 87 196
156 104 126 2
181 95 115 72
252 77 35 119
67 101 73 43
238 1 112 244
237 182 49 181
108 86 99 222
64 172 20 209
67 3 61 157
56 214 121 156
239 117 126 68
128 36 111 252
239 173 119 202
131 42 82 254
174 203 91 187
53 222 110 49
108 80 115 246
170 234 39 109
147 211 107 67
206 156 99 242
103 82 103 20
88 177 102 152
111 112 77 22
255 76 64 114
232 64 101 128
170 64 103 134
168 27 58 130
133 226 26 18
74 133 98 101
113 217 35 153
184 155 44 143
135 107 35 159
176 217 119 62
253 76 125 146
130 247 114 61
106 236 83 54
60 199 74 88
237 172 124 156
55 193 97 62
102 45 95 3
95 110 90 101
50 41 112 119
94 101 107 210
64 66 113 103
131 221 47 207
127 25 66 158
252 28 111 1
220 180 60 61
195 5 81 164
248 92 114 113
53 135 84 156
229 12 127 72
128 72 107 151
130 252 40 184
137 43 107 139
48 191 101 38
86 43 87 111
127 129 91 192
194 68 95 76
67 153 120 166
130 140 62 87
162 73 71 130
197 253 98 84
246 183 107 248
217 27 116 120
197 115 66 168
209 242 113 116
148 4 109 110
201 203 70 106
144 58 66 123
161 62 42 28
205 55 81 209
87 183 122 149
133 81 97 37
250 238 105 222
94 70 55 191
59 24 66 39
192 146 84 88
251 77 106 158
113 198 53 70
186 190 49 243
57 68 108 145
96 130 118 33
205 153 89 165
126 191 72 150
117 15 41 214
13 253 80 138
97 95 48 10
31 110 81 124
107 38 35 20
82 174 44 66
129 105 62 252
75 216 35 44
114 156 80 235
33 130 80 228
92 231 52 3
109 82 75 232
138 120 76 164
130 2 78 126
14 51 77 21
50 8 16 170
124 248 83 67
70 212 75 63
54 221 84 42
64 167 23 195
76 198 28 121
100 91 71 144
144 117 37 93
118 221 62 30
32 10 81 44
101 34 84 75
126 176 55 79
51 240 49 42
102 229 56 78
97 81 55 240
18 207 66 130
75 7 50 204
146 236 69 38
109 94 45 210
26 197 74 19
35 148 16 229
22 175 66 229
140 54 43 163
48 178 70 121
5 22 36 120
123 26 38 140
144 238 63 95
145 95 60 8
22 226 82 242
91 85 55 9
17 112 73 247
121 180 84 226
9 164 35 125
45 66 77 134
116 253 67 56
51 169 43 190
43 110 24 111
73 19 24 8
93 217 51 146
27 143 30 94
115 143 54 247
126 108 35 131
31 118 82 68
70 162 77 103
44 50 41 135
6 165 58 185
9 252 63 138
68 37 69 152
12 37 59 169
106 237 69 121
125 81 48 56
65 21 53 230
49 255 82 132
69 50 76 37
9 131 45 146
71 213 79 145
81 102 37 65
65 159 84 244
55 157 22 24
23 58 56 79
49 120 73 131
1 143 32 165
112 243 80 233
30 21 56 191
35 106 67 201
116 52 21 102
89 116 59 223
120 12 62 40
124 48 75 13
56 141 28 38
15 222 70 34
20 233 47 111
94 18 65 207
116 65 46 44
49 165 53 48
64 232 35 134
12 80 38 28
23 65 64 10
148 164 39 26
143 173 27 172
50 183 60 127
103 0 34 233
82 29 16 231
103 115 34 229
42 244 71 101
72 94 70 86
47 91 21 185
129 227 25 196
94 94 22 134
127 26 62 221
89 252 63 196
23 232 72 218
8 206 31 81
22 148 75 89
97 51 63 176
46 72 69 107
125 31 27 234
50 186 79 225
126 134 66 45
81 51 64 65
96 216 53 181
92 69 29 217
70 190 68 120
82 199 37 92
96 191 58 211
142 3 83 18
2 145 45 112
101 199 49 153
1 81 78 6
85 221 61 79
29 252 65 6
54 68 57 252
61 42 59 3
39 248 53 241
90 224 50 57
74 63 72 253
33 177 15 159
145 75 76 253
57 148 55 153
20 96 54 209
63 17 62 101
66 110 79 187
20 100 83 137
95 103 46 140
105 99 65 48
114 175 80 4
100 101 82 254
80 186 56 253
69 197 40 174
140 183 85 33
7 223 60 165
3 141 76 138
43 33 72 63
118 115 75 96
41 102 78 22
99 64 60 125
83 33 73 244
70 199 70 21
129 82 46 152
86 213 64 81
109 77 69 134
140 69 51 55
102 116 19 233
100 153 83 239
123 128 55 244
73 120 59 198
93 189 66 140
20 209 62 186
18 64 81 9
140 6 68 193
11 130 58 2
133 153 58 171
15 250 75 4
107 223 45 133
53 138 20 178
32 212 43 53
1 226 28 216
10 178 80 169
139 222 30 142
101 43 49 178
104 137 80 78
98 27 82 220
31 23 26 221
141 21 81 72
79 237 65 236
124 152 47 32
103 143 42 52
19 166 79 84
58 217 83 5
109 214 35 89
102 29 71 26
103 82 77 223
73 175 76 11
91 95 56 42
84 231 29 115
94 46 77 15
121 70 75 124
103 107 75 251
22 69 44 202
105 147 33 154
98 202 64 80
93 144 66 179
44 35 25 157
140 31 36 241
57 122 69 207
116 198 31 200
61 211 78 226
106 55 60 30
23 54 12 28
86 211 77 186
28 120 84 32
17 133 61 131
72 159 38 160
123 49 83 166
101 9 44 102
25 209 40 118
4 229 59 250
7 140 15 120
123 91 74 27
13 250 55 195
141 146 56 157
4 179 80 185
88 253 74 182
65 205 68 194
104 153 81 55
73 10 70 213
53 186 61 254
49 252 51 179
147 118 85 25
51 74 71 103
0 10 77 137
148 203 77 249
4 158 79 181
101 139 52 85
65 8 76 110
8 13 81 121
13 209 63 13
11 228 16 108
98 94 71 77
6 66 27 70
93 227 83 13
148 117 48 123
38 8 18 67
93 29 75 252
97 221 47 206
144 96 53 58
127 16 50 73
130 80 13 240
9 246 79 252
116 113 80 237
105 189 60 117
20 73 81 143
19 216 18 62
106 118 82 146
9 66 71 212
111 64 46 20
148 145 81 239
116 139 63 193
43 93 53 126
22 120 82 228
52 41 67 7
12 100 60 53
104 228 21 108
143 22 61 119
66 127 81 136
94 92 71 32
38 253 80 88
97 48 35 50
47 7 38 40
15 236 54 164
22 88 66 238
116 177 60 170
81 98 61 101
29 8 60 3
148 72 81 164
148 196 83 186
50 112 46 176
104 101 48 97
104 125 63 255
125 50 43 33
39 127 79 196
115 142 79 77
33 87 28 155
10 147 58 167
25 210 83 21
30 176 37 227
58 199 50 157
116 36 69 203
64 185 57 170
146 52 71 49
35 121 25 133
108 27 83 197
23 75 35 228
55 253 43 146
6 33 25 98
46 23 60 224
75 157 78 149
96 47 77 249
116 185 82 234
148 125 74 248
87 212 23 124
98 38 67 124
39 124 82 181
39 185 52 160
125 128 77 41
57 27 49 96
142 57 44 100
13 158 37 27
54 24 42 27
95 189 17 203
39 242 73 96
148 163 29 149
51 238 83 149
74 178 32 105
91 249 32 208
85 44 17 206
6 34 79 172
146 192 73 208
100 164 80 135
138 204 51 255
110 247 76 2
11 45 83 45
13 25 23 182
56 60 45 193
97 223 67 187
90 165 65 51
121 218 38 183
112 124 73 12
79 89 77 76
33 178 73 252
19 217 52 166
23 189 69 140
87 170 57 10
69 172 27 230
59 185 67 139
135 214 35 174
66 85 67 184
112 156 56 190
97 197 52 226
25 185 73 69
29 103 46 248
86 205 45 78
35 186 52 146
73 44 37 145
9 227 30 126
128 133 63 183
141 25 55 64
98 40 32 57
26 51 61 87
118 236 78 102
120 103 85 126
41 24 49 232
135 170 76 58
101 215 31 111
9 254 61 48
68 39 85 21
99 1 57 76
20 232 42 91
126 216 70 43
52 84 67 170
5 123 72 203
121 158 53 115
100 16 47 149
97 108 62 90
48 156 64 65
135 102 73 210
22 145 48 113
93 113 53 133
131 247 84 101
6 232 38 75
105 233 32 143
107 15 75 5
20 206 34 241
49 159 31 82
125 165 85 206
11 210 61 116
12 23 70 224
50 27 54 216
23 213 59 155
112 217 70 166
25 147 83 58
135 10 15 6
140 60 38 15
127 11 80 254
62 16 72 194
116 163 32 138
115 25 77 113
121 125 29 90
30 219 46 219
39 254 50 148
80 120 58 24
123 75 32 79
104 76 62 119
10 152 64 76
61 234 14 81
35 59 49 216
7 138 29 234
72 108 35 12
148 209 32 201
68 247 16 181
40 51 56 148
0 203 30 34
43 113 58 105
122 250 74 3
143 169 36 189
36 195 74 246
80 208 68 200
108 123 61 189
70 146 85 254
46 155 14 127
78 26 55 59
54 118 42 44
101 36 76 123
115 136 82 163
14 104 85 207
140 202 69 191
7 225 83 63
69 153 36 87
8 105 72 206
127 182 58 82
16 57 13 9
23 164 51 159
79 118 37 168
16 50 66 198
112 218 43 142
31 34 68 83
120 183 27 143
66 104 73 151
128 123 83 241
148 179 42 153
61 48 69 100
98 194 79 85
19 95 32 31
59 130 28 12
96 187 81 4
133 145 36 131
87 152 71 207
136 62 46 44
30 44 73 158
113 157 44 193
32 134 75 240
5 89 14 149
45 150 64 35
100 95 53 192
43 73 66 110
12 241 36 9
98 192 73 81
21 106 65 232
88 9 71 121
121 237 71 242
104 8 23 80
42 199 20 170
52 24 49 12
85 85 41 184
98 1 33 205
148 100 57 75
74 86 22 142
61 84 75 101
61 166 23 197
84 194 85 20
118 116 33 92
8 235 20 10
120 146 71 7
28 25 65 158
70 228 44 175
57 75 83 161
147 10 76 3
36 16 61 242
141 97 78 251
54 133 83 117
82 74 60 3
134 73 54 121
72 80 81 182
65 191 57 84
27 126 53 216
124 86 54 205
73 185 68 214
146 173 58 38
6 201 77 236
94 163 83 192
76 119 51 235
86 160 79 51
31 121 72 216
18 81 41 65
111 188 75 230
56 91 51 240
95 40 71 182
102 31 84 232
14 164 45 232
126 207 71 238
142 206 28 238
26 76 59 147
50 195 60 2
114 182 42 113
97 197 33 98
136 38 43 181
104 194 75 191
1 127 72 39
9 18 80 46
146 137 84 168
16 157 54 58
125 103 51 137
56 191 57 5
130 10 40 143
142 61 80 72
19 250 48 204
74 46 65 226
94 169 67 143
61 61 60 21
76 159 52 215
4 246 68 161
113 68 40 140
114 217 84 53
61 104 34 176
139 74 60 203
99 87 76 43
54 116 52 161
16 132 68 33
39 64 68 147
122 193 69 111
23 96 48 218
113 130 65 246
68 100 35 161
88 3 67 212
102 176 42 170
54 255 36 127
32 91 57 77
107 132 83 201
98 15 46 239
23 232 25 10
55 45 36 20
34 55 52 202
114 60 78 61
147 146 30 213
134 234 84 169
77 146 14 110
112 110 45 142
47 130 68 153
85 246 68 60
44 237 79 205
101 10 64 217
63 99 84 217
43 208 70 17
29 123 72 128
130 68 57 71
120 161 78 166
30 237 84 79
100 112 67 0
21 70 68 180
49 165 80 1
101 184 50 23
33 74 53 144
104 116 81 147
149 113 47 182
116 218 43 226
43 243 57 131
10 0 74 109
101 51 32 199
53 243 64 231
15 8 35 86
89 203 36 171
139 72 49 41
109 109 39 142
76 115 65 90
141 184 64 10
66 45 80 122
3 53 56 86
122 196 78 28
112 110 53 217
52 190 41 26
67 172 19 98
25 95 62 242
57 138 50 95
63 124 65 64
119 161 72 238
85 244 68 38
58 231 31 43
57 208 40 67
6 167 60 237
118 32 75 92
127 54 54 146
118 238 52 88
126 95 71 105
19 33 46 164
91 86 56 38
131 13 71 204
107 213 81 206
107 228 54 86
37 218 83 226
118 233 73 177
137 225 43 103
131 76 51 108
55 108 82 4
113 68 37 99
136 212 65 91
25 24 34 226
133 254 26 36
46 23 72 175
32 218 78 168
92 204 76 192
85 194 14 75
96 231 79 50
95 71 50 19
47 63 27 68
78 72 52 164
43 181 74 179
134 181 85 10
20 226 31 219
85 216 76 51
80 64 84 92
18 48 57 115
13 48 21 84
6 179 49 141
40 83 77 210
147 127 62 114
18 227 52 214
107 237 81 25
36 113 66 147
67 50 57 100
142 183 58 201
113 54 59 114
35 49 56 107
14 117 41 228
52 74 56 12
121 148 81 10
82 149 33 141
75 41 75 123
62 52 57 101
12 111 78 110
138 157 52 202
109 42 51 78
63 156 78 26
15 198 51 213
71 198 37 206
23 65 67 238
123 8 36 227
86 99 75 192
101 170 78 116
148 147 80 123
41 128 77 97
83 190 52 50
22 119 83 157
42 166 67 61
111 181 24 233
91 50 72 255
15 16 71 127
131 26 36 44
119 234 82 117
79 123 61 242
5 12 79 144
74 175 32 124
18 95 18 184
123 225 82 50
56 152 17 158
75 124 46 134
103 243 70 14
104 237 76 219
5 125 74 190
40 139 61 103
18 255 34 100
9 223 23 71
17 248 59 87
102 177 33 229
91 69 66 198
129 204 73 248
141 78 28 106
57 237 53 154
46 104 82 158
72 121 59 178
58 128 79 1
72 0 56 106
119 139 54 120
131 209 14 107
91 135 71 38
94 252 74 70
40 6 82 194
94 247 74 117
144 35 34 99
27 77 61 235
133 53 82 122
104 99 15 201
124 76 26 184
47 123 63 153
19 81 72 151
33 27 54 73
78 8 47 135
121 59 54 221
53 205 75 237
147 246 68 212
122 2 64 62
87 208 58 65
95 162 39 197
143 127 53 89
122 102 20 47
98 119 33 120
68 231 20 207
127 104 58 194
14 7 64 185
81 223 47 114
128 235 50 136
40 150 78 17
46 245 40 41
67 188 47 68
109 240 82 101
109 144 35 15
115 253 60 243
110 87 20 20
148 211 72 130
37 64 76 163
19 202 59 149
128 124 69 175
32 119 75 176
111 249 22 82
63 148 62 100
7 56 84 97
131 222 81 44
41 18 63 100
67 178 70 62
75 63 40 178
88 200 60 28
100 43 22 71
19 100 69 214
48 148 80 139
8 121 14 40
73 15 13 114
141 52 78 89
59 109 60 180
86 19 41 40
89 12 58 39
87 8 66 112
85 60 69 127
49 165 78 87
6 24 39 73
42 140 72 55
63 1 69 151
138 49 77 65
5 168 16 167
85 28 84 30
24 136 30 186
118 76 83 83
93 54 62 13
88 116 82 80
77 242 59 12
80 142 51 62
74 57 30 7
90 170 57 247
65 206 38 165
109 87 41 25
81 96 44 83
125 54 16 202
22 115 62 203
121 33 64 72
116 43 38 177
34 11 50 58
47 214 81 198
105 247 60 66
19 235 69 90
19 60 82 40
141 80 74 93
35 93 24 164
10 113 33 211
23 82 60 47
142 149 20 121
15 199 71 145
53 101 43 229
74 127 41 233
36 227 85 65
26 59 30 203
8 58 76 171
100 157 27 241
81 36 35 221
9 16 31 82
31 80 32 188
5 74 79 200
30 50 38 50
143 183 13 152
18 197 43 142
145 19 29 22
44 77 36 28
21 231 69 173
70 3 40 36
3 222 55 110
146 1 55 78
36 4 76 28
106 200 78 46
103 253 18 143
7 175 33 70
7 27 68 37
136 23 84 30
132 73 33 203
120 25 38 11
75 42 62 20
111 23 59 99
19 206 41 90
95 26 60 85
20 118 59 200
47 20 53 172
24 123 36 3
105 254 37 106
54 198 84 123
86 129 84 158
56 205 67 190
44 137 62 76
52 222 45 171
129 75 61 118
77 92 56 70
96 227 51 86
82 138 42 16
125 238 38 124
61 32 59 232
100 123 61 130
81 243 51 54
114 228 84 23
119 38 64 129
84 158 69 150
6 122 52 10
66 211 76 160
120 29 52 225
68 165 84 142
72 112 52 33
121 119 53 247
73 175 61 114
0 123 58 75
67 187 61 66
114 31 78 36
61 177 54 36
117 34 59 154
62 115 80 186
3 47 82 236
32 76 74 181
148 175 74 39
16 105 81 161
51 106 81 154
105 218 66 65
9 9 22 157
102 158 66 158
81 185 84 37
4 20 56 100
48 249 36 130
47 131 70 23
48 142 63 210
63 142 79 23
112 29 48 114
61 74 52 54
54 2 56 64
36 211 84 37
18 113 54 46
47 56 55 207
83 172 73 236
127 191 26 75
89 78 77 9
110 212 68 8
92 102 36 196
66 251 66 86
61 235 65 213
129 123 76 180
100 136 77 186
81 113 74 243
58 227 77 240
68 205 52 48
75 101 52 142
22 156 68 228
134 130 61 135
51 220 42 213
63 120 57 133
133 61 44 217
2 32 60 163
147 28 77 41
43 95 57 47
18 231 70 227
66 221 40 213
90 32 75 191
145 170 45 87
112 126 64 253
75 132 44 3
8 101 70 198
16 14 35 168
6 86 57 233
135 242 74 41
103 241 51 213
38 188 53 230
5 247 54 169
95 195 82 228
111 83 27 117
18 143 41 18
37 69 28 160
137 46 76 27
130 178 64 247
132 134 37 213
76 157 71 35
51 151 56 188
100 177 58 67
10 136 75 139
68 222 40 122
25 48 60 43
29 151 56 247
100 241 74 233
135 123 30 140
72 18 45 63
116 16 70 148
61 62 44 92
147 115 52 190
130 50 64 198
74 203 38 13
23 92 38 18
13 114 74 219
58 72 66 24
144 223 59 135
91 158 17 227
119 63 79 209
117 29 34 140
67 248 81 156
73 241 81 184
88 66 77 31
74 90 42 218
6 156 79 180
112 37 37 122
39 116 51 81
116 26 68 205
123 185 30 161
62 32 62 71
14 137 68 248
54 58 13 150
96 243 30 80
124 239 63 193
62 24 79 65
53 111 33 199
97 134 65 159
77 139 61 30
118 176 15 98
121 156 52 234
47 133 84 102
124 26 66 231
40 105 37 24
107 136 63 142
9 25 71 108
53 165 67 244
39 24 72 119
116 99 45 127
100 98 32 174
78 90 75 59
70 200 67 211
2 231 70 98
10 247 80 31
3 205 60 53
18 2 26 44
79 15 47 94
19 220 68 42
73 228 78 84
5 98 44 225
117 46 53 158
34 247 36 175
84 189 57 70
96 218 78 197
106 38 49 17
32 65 58 182
142 204 63 51
17 66 44 157
74 238 58 223
73 242 78 138
9 214 66 83
133 0 75 155
107 233 56 168
21 219 83 59
98 114 14 55
14 232 69 79
44 48 17 29
139 3 35 159
17 114 63 28
28 237 42 189
135 90 82 57
13 202 56 22
30 173 52 44
124 167 82 247
94 243 70 91
1 5 45 87
110 236 83 104
69 162 39 78
93 227 65 42
108 247 69 249
16 145 51 213
149 51 68 43
4 148 64 79
33 47 77 189
61 181 74 125
120 181 53 47
108 66 68 211
148 85 74 57
129 145 60 161
20 205 46 249
19 36 73 239
137 37 56 245
97 243 69 36
140 9 44 201
107 156 69 207
128 182 58 103
114 235 73 177
73 65 77 65
67 113 65 11
119 191 56 46
84 28 58 47
12 178 51 67
114 47 15 125
45 241 33 206
134 74 42 176
78 95 66 0
121 176 33 136
145 247 65 42
129 65 69 69
56 80 56 64
80 131 65 36
72 99 46 123
96 250 54 190
15 178 83 247
113 10 38 52
17 111 77 219
147 174 77 68
122 179 61 76
88 83 41 234
96 116 33 10
73 38 82 91
61 99 56 46
61 184 48 37
105 108 24 35
135 218 56 91
65 155 78 246
89 168 80 122
2 102 24 252
123 100 68 219
2 19 16 64
109 151 63 210
22 21 34 162
59 131 83 47
20 249 38 61
38 239 82 124
14 62 73 109
139 172 81 208
66 184 48 117
131 134 45 27
27 174 73 229
33 74 56 121
142 95 69 107
74 148 69 246
84 100 47 0
27 159 31 121
6 204 78 215
4 8 77 117
142 163 65 197
143 87 82 68
67 28 68 247
148 100 56 252
53 40 46 41
61 166 61 252
28 109 52 157
5 157 63 41
17 121 63 190
35 188 62 164
40 43 28 58
12 99 62 180
11 156 31 221
15 216 80 204
2 3 37 40
104 232 49 154
121 88 62 74
21 215 50 62
122 29 50 235
23 141 53 248
95 76 37 139
14 33 33 212
82 250 35 169
40 33 29 230
45 40 29 0
129 89 29 61
138 254 74 69
14 56 48 127
96 0 54 99
29 127 50 6
23 161 47 158
47 3 67 54
7 206 55 39
61 224 58 98
45 71 65 222
70 222 77 246
141 108 49 174
50 225 67 77
119 66 46 165
63 15 60 48
128 60 65 119
83 195 63 154
66 187 61 3
138 207 68 47
68 104 53 233
45 59 34 209
131 22 47 87
23 67 81 128
106 21 55 198
138 67 55 173
38 12 50 3
29 223 74 0
118 56 55 54
84 45 64 132
73 29 49 116
127 222 72 45
28 38 82 112
54 244 52 174
24 89 83 72
118 49 53 46
104 115 28 93
108 15 81 3
25 226 40 110
26 52 66 97
35 254 34 150
28 193 30 174
23 248 53 120
105 120 24 15
25 162 63 167
103 128 73 57
139 201 45 71
29 242 25 195
145 65 47 52
2 151 54 51
142 59 60 145
47 89 61 195
45 40 15 108
114 147 77 147
1 233 70 233
7 83 73 56
63 10 41 162
9 83 66 133
4 243 65 160
82 138 16 162
17 228 67 81
108 222 81 246
64 220 39 239
45 29 77 118
48 251 55 216
48 124 71 72
132 202 68 18
75 188 26 13
95 203 82 133
35 154 61 228
78 78 43 5
8 24 51 29
80 15 69 160
108 184 80 30
48 175 65 65
58 204 53 56
53 56 82 72
7 38 76 243
74 193 40 12
4 174 52 162
39 129 61 15
21 59 14 254
136 67 74 120
137 205 33 136
66 37 56 152
88 166 66 81
28 206 60 237
88 158 74 149
15 122 41 140
48 100 82 26
117 241 62 205
51 140 49 203
18 158 84 199
135 122 12 8
78 230 60 186
47 101 61 130
65 177 18 16
140 141 64 123
12 210 64 69
106 254 76 146
27 101 82 243
75 155 39 218
81 113 43 195
120 9 69 234
24 119 21 225
67 118 45 203
97 103 79 13
49 147 79 214
75 54 57 73
30 74 66 22
86 102 54 199
103 230 33 208
38 234 61 151
148 213 62 25
108 204 68 3
65 251 38 129
1 131 75 234
53 246 61 108
114 251 36 181
37 72 65 115
40 25 70 10
26 19 30 21
141 255 59 145
72 32 26 87
12 103 17 69
38 181 85 65
70 91 76 166
7 31 79 144
64 191 59 10
45 29 49 101
73 87 65 225
22 31 85 146
30 56 69 46
91 67 56 156
96 229 76 182
82 127 56 218
112 126 35 93
81 120 58 119
31 199 70 78
89 33 73 172
91 113 72 64
126 193 43 154
146 205 30 75
29 247 55 18
0 45 56 120
141 151 32 144
12 81 82 200
142 18 61 102
59 218 80 40
142 240 40 82
37 76 24 54
10 103 32 228
47 109 82 108
120 87 38 51
123 211 35 132
85 54 47 229
28 200 66 229
121 110 53 86
116 39 34 159
119 204 67 14
65 211 82 200
25 253 50 121
12 135 23 123
8 204 74 225
72 126 36 128
104 9 65 95
134 71 45 43
98 204 44 232
74 52 17 60
54 119 58 198
106 253 72 142
46 184 52 34
54 146 23 136
11 240 75 28
91 237 53 164
97 119 48 246
4 83 61 234
49 200 16 124
143 145 82 206
117 218 52 102
21 101 44 133
45 241 32 242
33 167 83 29
84 50 81 139
90 218 54 142
94 61 30 184
136 103 69 147
122 132 12 2
103 217 73 234
32 31 70 96
29 244 73 229
118 136 29 231
73 14 54 248
74 137 58 103
84 243 27 182
112 138 79 59
59 153 66 29
92 92 69 134
43 136 48 103
137 64 68 113
74 170 59 224
28 104 78 200
32 238 50 129
137 107 59 173
20 88 55 247
84 33 42 170
80 213 80 209
134 81 84 4
74 53 39 55
126 146 31 203
133 48 64 156
40 156 50 69
37 198 74 55
56 28 68 20
26 117 64 233
68 54 81 85
139 59 46 210
38 244 77 41
74 179 42 251
127 252 45 121
61 117 20 163
51 131 38 76
139 148 57 110
120 166 72 32
130 75 59 4
15 157 81 219
134 40 69 205
83 190 69 203
145 209 73 40
138 157 84 154
34 224 52 30
137 128 78 80
108 8 47 203
65 52 53 168
145 114 59 211
108 205 50 64
96 131 62 135
13 243 60 180
61 145 21 65
7 87 73 182
96 216 43 81
46 82 82 216
20 238 80 241
24 111 62 53
45 83 82 69
57 54 74 219
113 30 68 187
91 254 50 186
44 238 62 60
22 151 81 210
22 164 69 125
130 193 65 89
42 214 49 8
132 38 81 81
29 17 80 230
63 30 72 24
49 145 78 184
26 41 44 158
25 8 57 187
65 193 79 76
120 202 73 215
78 104 45 224
17 126 81 127
107 197 30 9
79 180 73 81
45 170 45 44
112 186 64 55
1 37 27 67
10 93 70 213
25 32 50 118
131 139 35 188
133 127 47 115
58 215 78 36
107 195 83 230
126 64 27 90
19 57 47 24
90 148 67 15
124 129 79 168
68 41 22 250
17 86 84 200
101 241 83 253
101 47 69 88
40 124 59 23
142 1 78 107
11 104 81 136
119 27 23 91
25 28 42 149
62 21 81 96
124 195 33 70
1 10 35 38
118 178 63 251
35 90 39 20
13 200 68 112
83 203 75 220
27 197 70 232
97 47 83 245
71 119 76 159
61 51 71 123
6 182 64 159
4 104 73 238
64 128 60 62
115 204 28 32
68 254 37 195
34 31 82 85
86 147 33 206
23 211 75 33
22 40 58 69
16 198 32 145
91 140 85 234
58 35 48 238
18 222 68 84
2 199 69 205
5 234 69 74
26 40 45 240
136 210 78 173
70 72 40 134
76 48 55 29
100 145 74 48
143 12 64 60
5 147 75 228
101 85 39 147
137 221 82 235
131 42 20 122
146 94 82 9
26 73 70 96
52 116 71 54
26 69 48 190
110 159 17 154
52 128 75 201
16 202 42 208
23 172 67 43
130 64 84 123
49 59 72 136
115 144 83 193
59 89 39 84
142 193 55 82
139 139 62 45
113 202 54 149
16 39 45 59
88 108 47 197
93 161 39 12
82 149 36 17
108 168 70 111
82 211 84 98
0 175 23 135
98 200 77 235
28 247 53 115
135 98 76 62
90 124 71 45
23 82 41 144
148 132 68 231
3 190 83 94
32 238 35 115
39 41 65 28
136 131 57 162
75 76 41 46
124 114 65 203
131 208 75 182
19 208 79 93
140 223 63 246
143 77 74 144
132 143 80 200
50 183 81 104
117 82 58 52
73 143 56 36
59 130 70 17
40 38 25 70
25 83 69 234
48 114 49 44
45 144 65 171
121 78 79 61
21 132 72 94
129 138 79 120
126 25 23 165
114 71 48 154
40 2 76 124
75 7 79 187
99 151 73 121
100 245 25 244
61 26 80 47
40 97 35 213
90 240 17 35
96 194 77 117
129 72 77 87
23 206 80 124
18 56 72 188
124 131 48 186
10 83 45 175
89 69 15 96
18 164 47 224
13 84 48 232
86 168 35 162
84 170 53 240
52 16 38 152
130 63 40 150
124 29 37 93
69 243 45 250
116 13 58 224
29 210 50 150
114 12 71 132
21 154 63 239
133 71 84 22
48 246 46 254
86 94 74 14
99 3 21 15
103 119 37 108
104 83 33 236
60 49 49 255
82 6 63 246
53 163 81 180
93 106 52 120
121 44 22 126
12 89 61 1
112 15 46 35
93 6 20 147
104 181 76 230
140 33 60 35
13 134 55 187
68 190 45 80
4 114 63 97
123 71 80 9
125 231 49 75
16 246 71 57
78 167 40 24
57 206 57 165
3 61 64 154
126 247 54 84
135 83 52 54
121 154 68 170
116 62 44 154
0 56 76 83
29 235 49 66
49 195 67 48
