% g0_lgdmax_lut : 64 entries
% Format: signed Q5.18 (24-bit), scale = 2^18 = 262144, resolution = 3.814697e-06
% Quantisation error: max |e| = 1.874003e-06, RMS = 1.048525e-06
% addr_var = log2_c2
% addr_min = -12
% addr_max = 1.292781749
% entries = 64
% expr = log2|psi(2, inv_trigamma(4*c2))|
% sli = 17
% guard = 13
% Columns: addr  exact_value  code(dec)  requantized  error
     0  -20.0000001147  -5242880  -20.0000000000  +1.147e-07
     1  -19.5780070822  -5132257  -19.5780067444  +3.378e-07
     2  -19.1560140630  -5021634  -19.1560134888  +5.742e-07
     3  -18.7340210615  -4911011  -18.7340202332  +8.284e-07
     4  -18.3120280838  -4800388  -18.3120269775  +1.106e-06
     5  -17.8900351379  -4689765  -17.8900337219  +1.416e-06
     6  -17.4680422347  -4579142  -17.4680404663  +1.768e-06
     7  -17.0460493886  -4468520  -17.0460510254  -1.637e-06
     8  -16.6240566191  -4357897  -16.6240577698  -1.151e-06
     9  -16.2020639521  -4247274  -16.2020645142  -5.621e-07
    10  -15.7800714225  -4136651  -15.7800712585  +1.640e-07
    11  -15.3580790771  -4026028  -15.3580780029  +1.074e-06
    12  -14.9360869782  -3915406  -14.9360885620  -1.584e-06
    13  -14.5140952099  -3804783  -14.5140953064  -9.651e-08
    14  -14.0921038842  -3694160  -14.0921020508  +1.833e-06
    15  -13.6701131517  -3583538  -13.6701126099  +5.419e-07
    16  -13.2481232138  -3472916  -13.2481231689  +4.488e-08
    17  -12.8261343405  -3362294  -12.8261337280  +6.124e-07
    18  -12.4041468932  -3251673  -12.4041481018  -1.209e-06
    19  -11.9821613565  -3141052  -11.9821624756  -1.119e-06
    20  -11.5601783789  -3030431  -11.5601768494  +1.530e-06
    21  -11.1381988295  -2919812  -11.1381988525  -2.302e-08
    22  -10.7162238717  -2809194  -10.7162246704  -7.987e-07
    23  -10.2942550635  -2698577  -10.2942543030  +7.605e-07
    24  -9.8722944902  -2587963  -9.8722953796  -8.894e-07
    25  -9.4503449428  -2477351  -9.4503440857  +8.571e-07
    26  -9.0284101548  -2366744  -9.0284118652  -1.710e-06
    27  -8.6064951178  -2256141  -8.6064949036  +2.143e-07
    28  -8.1846065018  -2145545  -8.1846046448  +1.857e-06
    29  -7.7627532103  -2034959  -7.7627525330  +6.773e-07
    30  -7.3409471141  -1924385  -7.3409461975  +9.166e-07
    31  -6.9192040154  -1813828  -6.9192047119  -6.966e-07
    32  -6.4975449038  -1703292  -6.4975433350  +1.569e-06
    33  -6.0759975816  -1592786  -6.0759963989  +1.183e-06
    34  -5.6545987392  -1482319  -5.6545982361  +5.032e-07
    35  -5.2333965635  -1371904  -5.2333984375  -1.874e-06
    36  -4.8124539478  -1261556  -4.8124542236  -2.758e-07
    37  -4.3918523288  -1151298  -4.3918533325  -1.004e-06
    38  -3.9716960947  -1041156  -3.9716949463  +1.148e-06
    39  -3.5521173792   -931166  -3.5521163940  +9.851e-07
    40  -3.1332808662   -821371  -3.1332817078  -8.416e-07
    41  -2.7153880050   -711823  -2.7153892517  -1.247e-06
    42  -2.2986798113   -602585  -2.2986793518  +4.595e-07
    43  -1.8834372886   -493732  -1.8834381104  -8.217e-07
    44  -1.4699785368   -385346  -1.4699783325  +2.043e-07
    45  -1.0586519022   -277519  -1.0586509705  +9.317e-07
    46  -0.6498250710   -170348  -0.6498260498  -9.788e-07
    47  -0.2438707260    -63929  -0.2438697815  +9.445e-07
    48  +0.1588499086     41642  +0.1588516235  +1.715e-06
    49  +0.5580038325    146277  +0.5580024719  -1.361e-06
    50  +0.9533014369    249902  +0.9533004761  -9.609e-07
    51  +1.3445084707    352455  +1.3445091248  +6.541e-07
    52  +1.7314537869    453890  +1.7314529419  -8.450e-07
    53  +2.1140325616    554181  +2.1140327454  +1.837e-07
    54  +2.4922053079    653317  +2.4922065735  +1.266e-06
    55  +2.8659934555    751303  +2.8659934998  +4.421e-08
    56  +3.2354724861    848160  +3.2354736328  +1.147e-06
    57  +3.6007636279    943919  +3.6007652283  +1.600e-06
    58  +3.9620249961   1038621  +3.9620246887  -3.074e-07
    59  +4.3194428648   1132316  +4.3194427490  -1.158e-07
    60  +4.6732235538   1225058  +4.6732254028  +1.849e-06
    61  +5.0235862154   1316903  +5.0235862732  +5.776e-08
    62  +5.3707566580   1407912  +5.3707580566  +1.399e-06
    63  +5.7149622285   1498143  +5.7149620056  -2.229e-07
