9 39 7306 19694 2996 225
12 47 7565 21115 2347 239
24 5 8144 19096 3427 227
33 56 7505 19855 2856 228
37 59 7315 20885 2242 235
44 17 7529 20431 3500 233
49 41 8180 16420 885 205
51 16 8597 21643 1662 252
55 66 7682 20278 3103 233
61 66 7315 19325 3387 222
66 69 7633 19367 4150 225
71 32 7867 20093 3154 233
80 36 8191 22169 3608 253
81 42 9635 20725 4017 253
86 24 7907 22333 1573 252
90 49 9619 20741 3887 253
92 22 8136 22224 1620 253
94 25 8149 21851 2159 250
95 12 8306 21694 1337 250
99 53 10063 20177 3769 252
102 57 10547 19453 3374 250
112 62 10495 19865 3491 253
117 65 9352 19568 2546 241
122 69 7983 19617 2917 230
127 72 8311 18929 2452 227
136 79 9010 20750 2194 248
