% log2_mant_lut : 1024 entries
% Format: unsigned Q0.16 (16-bit), scale = 2^16 = 65536, resolution = 1.525879e-05
% Quantisation error: max |e| = 7.625545e-06, RMS = 4.465169e-06
% entries = 1024
% expr = log2(m), m in [1,2) uniform
% usage = log2(v) = exponent_from_LZC + this_table[mantissa]
% Columns: addr  exact_value  code(dec)  requantized  error
     0  +0.0000000000         0  +0.0000000000  +0.000e+00
     1  +0.0014081944        92  +0.0014038086  -4.386e-06
     2  +0.0028150156       184  +0.0028076172  -7.398e-06
     3  +0.0042204663       277  +0.0042266846  +6.218e-06
     4  +0.0056245492       369  +0.0056304932  +5.944e-06
     5  +0.0070272669       461  +0.0070343018  +7.035e-06
     6  +0.0084286221       552  +0.0084228516  -5.771e-06
     7  +0.0098286174       644  +0.0098266602  -1.957e-06
     8  +0.0112272554       736  +0.0112304688  +3.213e-06
     9  +0.0126245389       827  +0.0126190186  -5.520e-06
    10  +0.0140204703       919  +0.0140228271  +2.357e-06
    11  +0.0154150524      1010  +0.0154113770  -3.675e-06
    12  +0.0168082877      1102  +0.0168151855  +6.898e-06
    13  +0.0182001788      1193  +0.0182037354  +3.557e-06
    14  +0.0195907284      1284  +0.0195922852  +1.557e-06
    15  +0.0209799389      1375  +0.0209808350  +8.961e-07
    16  +0.0223678130      1466  +0.0223693848  +1.572e-06
    17  +0.0237543533      1557  +0.0237579346  +3.581e-06
    18  +0.0251395623      1648  +0.0251464844  +6.922e-06
    19  +0.0265234425      1738  +0.0265197754  -3.667e-06
    20  +0.0279059966      1829  +0.0279083252  +2.329e-06
    21  +0.0292872270      1919  +0.0292816162  -5.611e-06
    22  +0.0306671362      2010  +0.0306701660  +3.030e-06
    23  +0.0320457269      2100  +0.0320434570  -2.270e-06
    24  +0.0334230015      2190  +0.0334167480  -6.253e-06
    25  +0.0347989626      2281  +0.0348052979  +6.335e-06
    26  +0.0361736126      2371  +0.0361785889  +4.976e-06
    27  +0.0375469540      2461  +0.0375518799  +4.926e-06
    28  +0.0389189893      2551  +0.0389251709  +6.182e-06
    29  +0.0402897210      2640  +0.0402832031  -6.518e-06
    30  +0.0416591516      2730  +0.0416564941  -2.657e-06
    31  +0.0430272836      2820  +0.0430297852  +2.502e-06
    32  +0.0443941194      2909  +0.0443878174  -6.302e-06
    33  +0.0457596614      2999  +0.0457611084  +1.447e-06
    34  +0.0471239121      3088  +0.0471191406  -4.771e-06
    35  +0.0484868740      3178  +0.0484924316  +5.558e-06
    36  +0.0498485495      3267  +0.0498504639  +1.914e-06
    37  +0.0512089409      3356  +0.0512084961  -4.448e-07
    38  +0.0525680508      3445  +0.0525665283  -1.522e-06
    39  +0.0539258815      3534  +0.0539245605  -1.321e-06
    40  +0.0552824355      3623  +0.0552825928  +1.573e-07
    41  +0.0566377151      3712  +0.0566406250  +2.910e-06
    42  +0.0579917228      3801  +0.0579986572  +6.934e-06
    43  +0.0593444608      3889  +0.0593414307  -3.030e-06
    44  +0.0606959317      3978  +0.0606994629  +3.531e-06
    45  +0.0620461377      4066  +0.0620422363  -3.901e-06
    46  +0.0633950813      4155  +0.0634002686  +5.187e-06
    47  +0.0647427648      4243  +0.0647430420  +2.772e-07
    48  +0.0660891905      4331  +0.0660858154  -3.375e-06
    49  +0.0674343608      4419  +0.0674285889  -5.772e-06
    50  +0.0687782780      4507  +0.0687713623  -6.916e-06
    51  +0.0701209445      4595  +0.0701141357  -6.809e-06
    52  +0.0714623626      4683  +0.0714569092  -5.453e-06
    53  +0.0728025345      4771  +0.0727996826  -2.852e-06
    54  +0.0741414628      4859  +0.0741424561  +9.933e-07
    55  +0.0754791495      4947  +0.0754852295  +6.080e-06
    56  +0.0768155971      5034  +0.0768127441  -2.853e-06
    57  +0.0781508077      5122  +0.0781555176  +4.710e-06
    58  +0.0794847838      5209  +0.0794830322  -1.752e-06
    59  +0.0808175276      5296  +0.0808105469  -6.981e-06
    60  +0.0821490414      5384  +0.0821533203  +4.279e-06
    61  +0.0834793273      5471  +0.0834808350  +1.508e-06
    62  +0.0848083878      5558  +0.0848083496  -3.819e-08
    63  +0.0861362250      5645  +0.0861358643  -3.608e-07
    64  +0.0874628413      5732  +0.0874633789  +5.377e-07
    65  +0.0887882387      5819  +0.0887908936  +2.655e-06
    66  +0.0901124197      5906  +0.0901184082  +5.989e-06
    67  +0.0914353863      5992  +0.0914306641  -4.722e-06
    68  +0.0927571409      6079  +0.0927581787  +1.038e-06
    69  +0.0940776857      6165  +0.0940704346  -7.251e-06
    70  +0.0953970228      6252  +0.0953979492  +9.264e-07
    71  +0.0967151545      6338  +0.0967102051  -4.949e-06
    72  +0.0980320830      6425  +0.0980377197  +5.637e-06
    73  +0.0993478104      6511  +0.0993499756  +2.165e-06
    74  +0.1006623390      6597  +0.1006622314  -1.076e-07
    75  +0.1019756709      6683  +0.1019744873  -1.184e-06
    76  +0.1032878084      6769  +0.1032867432  -1.065e-06
    77  +0.1045987536      6855  +0.1045989990  +2.455e-07
    78  +0.1059085086      6941  +0.1059112549  +2.746e-06
    79  +0.1072170756      7027  +0.1072235107  +6.435e-06
    80  +0.1085244568      7112  +0.1085205078  -3.949e-06
    81  +0.1098306543      7198  +0.1098327637  +2.109e-06
    82  +0.1111356702      7283  +0.1111297607  -5.909e-06
    83  +0.1124395068      7369  +0.1124420166  +2.510e-06
    84  +0.1137421660      7454  +0.1137390137  -3.152e-06
    85  +0.1150436502      7540  +0.1150512695  +7.619e-06
    86  +0.1163439612      7625  +0.1163482666  +4.305e-06
    87  +0.1176431014      7710  +0.1176452637  +2.162e-06
    88  +0.1189410727      7795  +0.1189422607  +1.188e-06
    89  +0.1202378773      7880  +0.1202392578  +1.380e-06
    90  +0.1215335173      7965  +0.1215362549  +2.738e-06
    91  +0.1228279948      8050  +0.1228332520  +5.257e-06
    92  +0.1241213118      8134  +0.1241149902  -6.322e-06
    93  +0.1254134705      8219  +0.1254119873  -1.483e-06
    94  +0.1267044728      8304  +0.1267089844  +4.512e-06
    95  +0.1279943210      8388  +0.1279907227  -3.598e-06
    96  +0.1292830169      8473  +0.1292877197  +4.703e-06
    97  +0.1305705628      8557  +0.1305694580  -1.105e-06
    98  +0.1318569606      8641  +0.1318511963  -5.764e-06
    99  +0.1331422124      8726  +0.1331481934  +5.981e-06
   100  +0.1344263202      8810  +0.1344299316  +3.611e-06
   101  +0.1357092861      8894  +0.1357116699  +2.384e-06
   102  +0.1369911121      8978  +0.1369934082  +2.296e-06
   103  +0.1382718002      9062  +0.1382751465  +3.346e-06
   104  +0.1395513524      9146  +0.1395568848  +5.532e-06
   105  +0.1408297708      9229  +0.1408233643  -6.407e-06
   106  +0.1421070573      9313  +0.1421051025  -1.955e-06
   107  +0.1433832140      9397  +0.1433868408  +3.627e-06
   108  +0.1446582428      9480  +0.1446533203  -4.923e-06
   109  +0.1459321458      9564  +0.1459350586  +2.913e-06
   110  +0.1472049249      9647  +0.1472015381  -3.387e-06
   111  +0.1484765822      9731  +0.1484832764  +6.694e-06
   112  +0.1497471195      9814  +0.1497497559  +2.636e-06
   113  +0.1510165389      9897  +0.1510162354  -3.035e-07
   114  +0.1522848423      9980  +0.1522827148  -2.127e-06
   115  +0.1535520317     10063  +0.1535491943  -2.837e-06
   116  +0.1548181091     10146  +0.1548156738  -2.435e-06
   117  +0.1560830763     10229  +0.1560821533  -9.230e-07
   118  +0.1573469354     10312  +0.1573486328  +1.697e-06
   119  +0.1586096882     10395  +0.1586151123  +5.424e-06
   120  +0.1598713368     10477  +0.1598663330  -5.004e-06
   121  +0.1611318830     10560  +0.1611328125  +9.295e-07
   122  +0.1623913288     10642  +0.1623840332  -7.296e-06
   123  +0.1636496760     10725  +0.1636505127  +8.367e-07
   124  +0.1649069267     10807  +0.1649017334  -5.193e-06
   125  +0.1661630826     10890  +0.1661682129  +5.130e-06
   126  +0.1674181458     10972  +0.1674194336  +1.288e-06
   127  +0.1686721181     11054  +0.1686706543  -1.464e-06
   128  +0.1699250014     11136  +0.1699218750  -3.126e-06
   129  +0.1711767977     11218  +0.1711730957  -3.702e-06
   130  +0.1724275086     11300  +0.1724243164  -3.192e-06
   131  +0.1736771363     11382  +0.1736755371  -1.599e-06
   132  +0.1749256825     11464  +0.1749267578  +1.075e-06
   133  +0.1761731491     11546  +0.1761779785  +4.829e-06
   134  +0.1774195380     11627  +0.1774139404  -5.598e-06
   135  +0.1786648510     11709  +0.1786651611  +3.101e-07
   136  +0.1799090900     11791  +0.1799163818  +7.292e-06
   137  +0.1811522569     11872  +0.1811523438  +8.688e-08
   138  +0.1823943534     11953  +0.1823883057  -6.048e-06
   139  +0.1836353815     12035  +0.1836395264  +4.145e-06
   140  +0.1848753429     12116  +0.1848754883  +1.454e-07
   141  +0.1861142395     12197  +0.1861114502  -2.789e-06
   142  +0.1873520732     12278  +0.1873474121  -4.661e-06
   143  +0.1885888457     12359  +0.1885833740  -5.472e-06
   144  +0.1898245589     12440  +0.1898193359  -5.223e-06
   145  +0.1910592145     12521  +0.1910552979  -3.917e-06
   146  +0.1922928145     12602  +0.1922912598  -1.555e-06
   147  +0.1935253605     12683  +0.1935272217  +1.861e-06
   148  +0.1947568544     12764  +0.1947631836  +6.329e-06
   149  +0.1959872980     12844  +0.1959838867  -3.411e-06
   150  +0.1972166931     12925  +0.1972198486  +3.156e-06
   151  +0.1984450415     13005  +0.1984405518  -4.490e-06
   152  +0.1996723448     13086  +0.1996765137  +4.169e-06
   153  +0.2008986050     13166  +0.2008972168  -1.388e-06
   154  +0.2021238238     13246  +0.2021179199  -5.904e-06
   155  +0.2033480030     13327  +0.2033538818  +5.879e-06
   156  +0.2045711442     13407  +0.2045745850  +3.441e-06
   157  +0.2057932494     13487  +0.2057952881  +2.039e-06
   158  +0.2070143202     13567  +0.2070159912  +1.671e-06
   159  +0.2082343583     13647  +0.2082366943  +2.336e-06
   160  +0.2094533656     13727  +0.2094573975  +4.032e-06
   161  +0.2106713438     13807  +0.2106781006  +6.757e-06
   162  +0.2118882945     13886  +0.2118835449  -4.750e-06
   163  +0.2131042196     13966  +0.2131042480  +2.840e-08
   164  +0.2143191208     14046  +0.2143249512  +5.830e-06
   165  +0.2155329997     14125  +0.2155303955  -2.604e-06
   166  +0.2167458582     14205  +0.2167510986  +5.240e-06
   167  +0.2179576979     14284  +0.2179565430  -1.155e-06
   168  +0.2191685205     14363  +0.2191619873  -6.533e-06
   169  +0.2203783277     14443  +0.2203826904  +4.363e-06
   170  +0.2215871213     14522  +0.2215881348  +1.014e-06
   171  +0.2227949029     14601  +0.2227935791  -1.324e-06
   172  +0.2240016742     14680  +0.2239990234  -2.651e-06
   173  +0.2252074369     14759  +0.2252044678  -2.969e-06
   174  +0.2264121928     14838  +0.2264099121  -2.281e-06
   175  +0.2276159434     14917  +0.2276153564  -5.870e-07
   176  +0.2288186905     14996  +0.2288208008  +2.110e-06
   177  +0.2300204357     15075  +0.2300262451  +5.809e-06
   178  +0.2312211807     15153  +0.2312164307  -4.750e-06
   179  +0.2324209272     15232  +0.2324218750  +9.478e-07
   180  +0.2336196768     15310  +0.2336120605  -7.616e-06
   181  +0.2348174311     15389  +0.2348175049  +7.377e-08
   182  +0.2360141919     15467  +0.2360076904  -6.501e-06
   183  +0.2372099608     15546  +0.2372131348  +3.174e-06
   184  +0.2384047393     15624  +0.2384033203  -1.419e-06
   185  +0.2395985292     15702  +0.2395935059  -5.023e-06
   186  +0.2407913322     15781  +0.2407989502  +7.618e-06
   187  +0.2419831497     15859  +0.2419891357  +5.986e-06
   188  +0.2431739835     15937  +0.2431793213  +5.338e-06
   189  +0.2443638351     16015  +0.2443695068  +5.672e-06
   190  +0.2455527063     16093  +0.2455596924  +6.986e-06
   191  +0.2467405985     16170  +0.2467346191  -5.979e-06
   192  +0.2479275134     16248  +0.2479248047  -2.709e-06
   193  +0.2491134527     16326  +0.2491149902  +1.538e-06
   194  +0.2502984179     16404  +0.2503051758  +6.758e-06
   195  +0.2514824106     16481  +0.2514801025  -2.308e-06
   196  +0.2526654325     16559  +0.2526702881  +4.856e-06
   197  +0.2538474850     16636  +0.2538452148  -2.270e-06
   198  +0.2550285698     16714  +0.2550354004  +6.831e-06
   199  +0.2562086885     16791  +0.2562103271  +1.639e-06
   200  +0.2573878427     16868  +0.2573852539  -2.589e-06
   201  +0.2585660339     16945  +0.2585601807  -5.853e-06
   202  +0.2597432637     17023  +0.2597503662  +7.103e-06
   203  +0.2609195337     17100  +0.2609252930  +5.759e-06
   204  +0.2620948454     17177  +0.2621002197  +5.374e-06
   205  +0.2632692004     17254  +0.2632751465  +5.946e-06
   206  +0.2644426002     17331  +0.2644500732  +7.473e-06
   207  +0.2656150465     17407  +0.2656097412  -5.305e-06
   208  +0.2667865407     17484  +0.2667846680  -1.873e-06
   209  +0.2679570844     17561  +0.2679595947  +2.510e-06
   210  +0.2691266791     17637  +0.2691192627  -7.416e-06
   211  +0.2702953265     17714  +0.2702941895  -1.137e-06
   212  +0.2714630279     17791  +0.2714691162  +6.088e-06
   213  +0.2726297850     17867  +0.2726287842  -1.001e-06
   214  +0.2737955992     17943  +0.2737884521  -7.147e-06
   215  +0.2749604721     18020  +0.2749633789  +2.907e-06
   216  +0.2761244053     18096  +0.2761230469  -1.358e-06
   217  +0.2772874001     18172  +0.2772827148  -4.685e-06
   218  +0.2784494582     18248  +0.2784423828  -7.075e-06
   219  +0.2796105811     18325  +0.2796173096  +6.729e-06
   220  +0.2807707701     18401  +0.2807769775  +6.207e-06
   221  +0.2819300270     18477  +0.2819366455  +6.619e-06
   222  +0.2830883530     18552  +0.2830810547  -7.298e-06
   223  +0.2842457498     18628  +0.2842407227  -5.027e-06
   224  +0.2854022189     18704  +0.2854003906  -1.828e-06
   225  +0.2865577616     18780  +0.2865600586  +2.297e-06
   226  +0.2877123795     18856  +0.2877197266  +7.347e-06
   227  +0.2888660742     18931  +0.2888641357  -1.938e-06
   228  +0.2900188469     19007  +0.2900238037  +4.957e-06
   229  +0.2911706993     19082  +0.2911682129  -2.486e-06
   230  +0.2923216328     19158  +0.2923278809  +6.248e-06
   231  +0.2934716488     19233  +0.2934722900  +6.412e-07
   232  +0.2946207489     19308  +0.2946166992  -4.050e-06
   233  +0.2957689344     19384  +0.2957763672  +7.433e-06
   234  +0.2969162069     19459  +0.2969207764  +4.569e-06
   235  +0.2980625677     19534  +0.2980651855  +2.618e-06
   236  +0.2992080184     19609  +0.2992095947  +1.576e-06
   237  +0.3003525603     19684  +0.3003540039  +1.444e-06
   238  +0.3014961950     19759  +0.3014984131  +2.218e-06
   239  +0.3026389238     19834  +0.3026428223  +3.898e-06
   240  +0.3037807482     19909  +0.3037872314  +6.483e-06
   241  +0.3049216696     19983  +0.3049163818  -5.288e-06
   242  +0.3060616894     20058  +0.3060607910  -8.984e-07
   243  +0.3072008091     20133  +0.3072052002  +4.391e-06
   244  +0.3083390301     20207  +0.3083343506  -4.680e-06
   245  +0.3094763538     20282  +0.3094787598  +2.406e-06
   246  +0.3106127817     20356  +0.3106079102  -4.872e-06
   247  +0.3117483150     20431  +0.3117523193  +4.004e-06
   248  +0.3128829553     20505  +0.3128814697  -1.486e-06
   249  +0.3140167039     20579  +0.3140106201  -6.084e-06
   250  +0.3151495623     20654  +0.3151550293  +5.467e-06
   251  +0.3162815317     20728  +0.3162841797  +2.648e-06
   252  +0.3174126138     20802  +0.3174133301  +7.163e-07
   253  +0.3185428097     20876  +0.3185424805  -3.292e-07
   254  +0.3196721209     20950  +0.3196716309  -4.901e-07
   255  +0.3208005489     21024  +0.3208007812  +2.324e-07
   256  +0.3219280949     21098  +0.3219299316  +1.837e-06
   257  +0.3230547603     21172  +0.3230590820  +4.322e-06
   258  +0.3241805466     21245  +0.3241729736  -7.573e-06
   259  +0.3253054551     21319  +0.3253021240  -3.331e-06
   260  +0.3264294871     21393  +0.3264312744  +1.787e-06
   261  +0.3275526441     21466  +0.3275451660  -7.478e-06
   262  +0.3286749273     21540  +0.3286743164  -6.109e-07
   263  +0.3297963382     21614  +0.3298034668  +7.129e-06
   264  +0.3309168781     21687  +0.3309173584  +4.803e-07
   265  +0.3320365484     21760  +0.3320312500  -5.298e-06
   266  +0.3331553503     21834  +0.3331604004  +5.050e-06
   267  +0.3342732853     21907  +0.3342742920  +1.007e-06
   268  +0.3353903547     21980  +0.3353881836  -2.171e-06
   269  +0.3365065598     22053  +0.3365020752  -4.485e-06
   270  +0.3376219020     22126  +0.3376159668  -5.935e-06
   271  +0.3387363826     22199  +0.3387298584  -6.524e-06
   272  +0.3398500029     22272  +0.3398437500  -6.253e-06
   273  +0.3409627643     22345  +0.3409576416  -5.123e-06
   274  +0.3420746680     22418  +0.3420715332  -3.135e-06
   275  +0.3431857154     22491  +0.3431854248  -2.906e-07
   276  +0.3442959079     22564  +0.3442993164  +3.408e-06
   277  +0.3454052467     22636  +0.3453979492  -7.297e-06
   278  +0.3465137332     22709  +0.3465118408  -1.892e-06
   279  +0.3476213686     22782  +0.3476257324  +4.364e-06
   280  +0.3487281542     22854  +0.3487243652  -3.789e-06
   281  +0.3498340915     22927  +0.3498382568  +4.165e-06
   282  +0.3509391815     22999  +0.3509368896  -2.292e-06
   283  +0.3520434258     23072  +0.3520507812  +7.355e-06
   284  +0.3531468255     23144  +0.3531494141  +2.589e-06
   285  +0.3542493819     23216  +0.3542480469  -1.335e-06
   286  +0.3553510964     23288  +0.3553466797  -4.417e-06
   287  +0.3564519702     23360  +0.3564453125  -6.658e-06
   288  +0.3575520046     23433  +0.3575592041  +7.199e-06
   289  +0.3586512009     23505  +0.3586578369  +6.636e-06
   290  +0.3597495603     23577  +0.3597564697  +6.909e-06
   291  +0.3608470842     23648  +0.3608398438  -7.240e-06
   292  +0.3619437737     23720  +0.3619384766  -5.297e-06
   293  +0.3630396303     23792  +0.3630371094  -2.521e-06
   294  +0.3641346550     23864  +0.3641357422  +1.087e-06
   295  +0.3652288493     23936  +0.3652343750  +5.526e-06
   296  +0.3663222142     24007  +0.3663177490  -4.465e-06
   297  +0.3674147512     24079  +0.3674163818  +1.631e-06
   298  +0.3685064615     24150  +0.3684997559  -6.706e-06
   299  +0.3695973463     24222  +0.3695983887  +1.042e-06
   300  +0.3706874068     24293  +0.3706817627  -5.644e-06
   301  +0.3717766443     24365  +0.3717803955  +3.751e-06
   302  +0.3728650601     24436  +0.3728637695  -1.291e-06
   303  +0.3739526554     24507  +0.3739471436  -5.512e-06
   304  +0.3750394313     24579  +0.3750457764  +6.345e-06
   305  +0.3761253893     24650  +0.3761291504  +3.761e-06
   306  +0.3772105304     24721  +0.3772125244  +1.994e-06
   307  +0.3782948559     24792  +0.3782958984  +1.043e-06
   308  +0.3793783671     24863  +0.3793792725  +9.054e-07
   309  +0.3804610651     24934  +0.3804626465  +1.581e-06
   310  +0.3815429512     25005  +0.3815460205  +3.069e-06
   311  +0.3826240266     25076  +0.3826293945  +5.368e-06
   312  +0.3837042925     25146  +0.3836975098  -6.783e-06
   313  +0.3847837501     25217  +0.3847808838  -2.866e-06
   314  +0.3858624006     25288  +0.3858642578  +1.857e-06
   315  +0.3869402453     25359  +0.3869476318  +7.387e-06
   316  +0.3880172853     25429  +0.3880157471  -1.538e-06
   317  +0.3890935219     25500  +0.3890991211  +5.599e-06
   318  +0.3901689562     25570  +0.3901672363  -1.720e-06
   319  +0.3912435894     25641  +0.3912506104  +7.021e-06
   320  +0.3923174228     25711  +0.3923187256  +1.303e-06
   321  +0.3933904574     25781  +0.3933868408  -3.617e-06
   322  +0.3944626946     25852  +0.3944702148  +7.520e-06
   323  +0.3955341355     25922  +0.3955383301  +4.195e-06
   324  +0.3966047812     25992  +0.3966064453  +1.664e-06
   325  +0.3976746329     26062  +0.3976745605  -7.240e-08
   326  +0.3987436919     26132  +0.3987426758  -1.016e-06
   327  +0.3998119593     26202  +0.3998107910  -1.168e-06
   328  +0.4008794363     26272  +0.4008789062  -5.300e-07
   329  +0.4019461240     26342  +0.4019470215  +8.975e-07
   330  +0.4030120236     26412  +0.4030151367  +3.113e-06
   331  +0.4040771362     26482  +0.4040832520  +6.116e-06
   332  +0.4051414631     26551  +0.4051361084  -5.355e-06
   333  +0.4062050054     26621  +0.4062042236  -7.818e-07
   334  +0.4072677642     26691  +0.4072723389  +4.575e-06
   335  +0.4083297408     26760  +0.4083251953  -4.545e-06
   336  +0.4093909361     26830  +0.4093933105  +2.374e-06
   337  +0.4104513515     26899  +0.4104461670  -5.185e-06
   338  +0.4115109880     26969  +0.4115142822  +3.294e-06
   339  +0.4125698468     27038  +0.4125671387  -2.708e-06
   340  +0.4136279290     27108  +0.4136352539  +7.325e-06
   341  +0.4146852358     27177  +0.4146881104  +2.875e-06
   342  +0.4157417683     27246  +0.4157409668  -8.015e-07
   343  +0.4167975276     27315  +0.4167938232  -3.704e-06
   344  +0.4178525149     27384  +0.4178466797  -5.835e-06
   345  +0.4189067313     27453  +0.4188995361  -7.195e-06
   346  +0.4199601778     27523  +0.4199676514  +7.474e-06
   347  +0.4210128558     27591  +0.4210052490  -7.607e-06
   348  +0.4220647662     27660  +0.4220581055  -6.661e-06
   349  +0.4231159101     27729  +0.4231109619  -4.948e-06
   350  +0.4241662888     27798  +0.4241638184  -2.470e-06
   351  +0.4252159033     27867  +0.4252166748  +7.715e-07
   352  +0.4262647547     27936  +0.4262695312  +4.777e-06
   353  +0.4273128441     28004  +0.4273071289  -5.715e-06
   354  +0.4283601727     28073  +0.4283599854  -1.874e-07
   355  +0.4294067415     28142  +0.4294128418  +6.100e-06
   356  +0.4304525517     28210  +0.4304504395  -2.112e-06
   357  +0.4314976043     28279  +0.4315032959  +5.692e-06
   358  +0.4325419004     28347  +0.4325408936  -1.007e-06
   359  +0.4335854412     28415  +0.4335784912  -6.950e-06
   360  +0.4346282276     28484  +0.4346313477  +3.120e-06
   361  +0.4356702609     28552  +0.4356689453  -1.316e-06
   362  +0.4367115421     28620  +0.4367065430  -4.999e-06
   363  +0.4377520723     28689  +0.4377593994  +7.327e-06
   364  +0.4387918526     28757  +0.4387969971  +5.144e-06
   365  +0.4398308840     28825  +0.4398345947  +3.711e-06
   366  +0.4408691676     28893  +0.4408721924  +3.025e-06
   367  +0.4419067045     28961  +0.4419097900  +3.085e-06
   368  +0.4429434958     29029  +0.4429473877  +3.892e-06
   369  +0.4439795426     29097  +0.4439849854  +5.443e-06
   370  +0.4450148459     29164  +0.4450073242  -7.522e-06
   371  +0.4460494067     29232  +0.4460449219  -4.485e-06
   372  +0.4470832262     29300  +0.4470825195  -7.067e-07
   373  +0.4481163054     29368  +0.4481201172  +3.812e-06
   374  +0.4491486454     29435  +0.4491424561  -6.189e-06
   375  +0.4501802472     29503  +0.4501800537  -1.935e-07
   376  +0.4512111118     29571  +0.4512176514  +6.540e-06
   377  +0.4522412404     29638  +0.4522399902  -1.250e-06
   378  +0.4532706340     29706  +0.4532775879  +6.954e-06
   379  +0.4542992936     29773  +0.4542999268  +6.331e-07
   380  +0.4553272203     29840  +0.4553222656  -4.955e-06
   381  +0.4563544151     29908  +0.4563598633  +5.448e-06
   382  +0.4573808791     29975  +0.4573822021  +1.323e-06
   383  +0.4584066132     30042  +0.4584045410  -2.072e-06
   384  +0.4594316186     30109  +0.4594268799  -4.739e-06
   385  +0.4604558963     30176  +0.4604492188  -6.678e-06
   386  +0.4614794473     30244  +0.4614868164  +7.369e-06
   387  +0.4625022726     30311  +0.4625091553  +6.883e-06
   388  +0.4635243733     30378  +0.4635314941  +7.121e-06
   389  +0.4645457503     30444  +0.4645385742  -7.176e-06
   390  +0.4655664048     30511  +0.4655609131  -5.492e-06
   391  +0.4665863377     30578  +0.4665832520  -3.086e-06
   392  +0.4676055501     30645  +0.4676055908  +4.074e-08
   393  +0.4686240429     30712  +0.4686279297  +3.887e-06
   394  +0.4696418172     30778  +0.4696350098  -6.807e-06
   395  +0.4706588741     30845  +0.4706573486  -1.525e-06
   396  +0.4716752144     30912  +0.4716796875  +4.473e-06
   397  +0.4726908392     30978  +0.4726867676  -4.072e-06
   398  +0.4737057496     31045  +0.4737091064  +3.357e-06
   399  +0.4747199465     31111  +0.4747161865  -3.760e-06
   400  +0.4757334310     31178  +0.4757385254  +5.094e-06
   401  +0.4767462039     31244  +0.4767456055  -5.985e-07
   402  +0.4777582664     31310  +0.4777526855  -5.581e-06
   403  +0.4787696195     31377  +0.4787750244  +5.405e-06
   404  +0.4797802640     31443  +0.4797821045  +1.840e-06
   405  +0.4807902011     31509  +0.4807891846  -1.017e-06
   406  +0.4817994317     31575  +0.4817962646  -3.167e-06
   407  +0.4828079567     31641  +0.4828033447  -4.612e-06
   408  +0.4838157773     31707  +0.4838104248  -5.352e-06
   409  +0.4848228943     31773  +0.4848175049  -5.389e-06
   410  +0.4858293087     31839  +0.4858245850  -4.724e-06
   411  +0.4868350216     31905  +0.4868316650  -3.357e-06
   412  +0.4878400338     31971  +0.4878387451  -1.289e-06
   413  +0.4888443465     32037  +0.4888458252  +1.479e-06
   414  +0.4898479604     32103  +0.4898529053  +4.945e-06
   415  +0.4908508767     32168  +0.4908447266  -6.150e-06
   416  +0.4918530963     32234  +0.4918518066  -1.290e-06
   417  +0.4928546202     32300  +0.4928588867  +4.267e-06
   418  +0.4938554492     32365  +0.4938507080  -4.741e-06
   419  +0.4948555845     32431  +0.4948577881  +2.204e-06
   420  +0.4958550269     32496  +0.4958496094  -5.418e-06
   421  +0.4968537774     32562  +0.4968566895  +2.912e-06
   422  +0.4978518370     32627  +0.4978485107  -3.326e-06
   423  +0.4988492065     32693  +0.4988555908  +6.384e-06
   424  +0.4998458871     32758  +0.4998474121  +1.525e-06
   425  +0.5008418796     32823  +0.5008392334  -2.646e-06
   426  +0.5018371849     32888  +0.5018310547  -6.130e-06
   427  +0.5028318041     32954  +0.5028381348  +6.331e-06
   428  +0.5038257380     33019  +0.5038299561  +4.218e-06
   429  +0.5048189876     33084  +0.5048217773  +2.790e-06
   430  +0.5058115539     33149  +0.5058135986  +2.045e-06
   431  +0.5068034378     33214  +0.5068054199  +1.982e-06
   432  +0.5077946402     33279  +0.5077972412  +2.601e-06
   433  +0.5087851621     33344  +0.5087890625  +3.900e-06
   434  +0.5097750043     33409  +0.5097808838  +5.879e-06
   435  +0.5107641679     33473  +0.5107574463  -6.722e-06
   436  +0.5117526538     33538  +0.5117492676  -3.386e-06
   437  +0.5127404628     33603  +0.5127410889  +6.261e-07
   438  +0.5137275960     33668  +0.5137329102  +5.314e-06
   439  +0.5147140541     33732  +0.5147094727  -4.581e-06
   440  +0.5156998383     33797  +0.5157012939  +1.456e-06
   441  +0.5166849493     33861  +0.5166778564  -7.093e-06
   442  +0.5176693881     33926  +0.5176696777  +2.896e-07
   443  +0.5186531557     33990  +0.5186462402  -6.915e-06
   444  +0.5196362528     34055  +0.5196380615  +1.809e-06
   445  +0.5206186806     34119  +0.5206146240  -4.057e-06
   446  +0.5216004397     34184  +0.5216064453  +6.006e-06
   447  +0.5225815313     34248  +0.5225830078  +1.477e-06
   448  +0.5235619561     34312  +0.5235595703  -2.386e-06
   449  +0.5245417150     34376  +0.5245361328  -5.582e-06
   450  +0.5255208091     34441  +0.5255279541  +7.145e-06
   451  +0.5264992391     34505  +0.5265045166  +5.277e-06
   452  +0.5274770061     34569  +0.5274810791  +4.073e-06
   453  +0.5284541108     34633  +0.5284576416  +3.531e-06
   454  +0.5294305541     34697  +0.5294342041  +3.650e-06
   455  +0.5304063371     34761  +0.5304107666  +4.430e-06
   456  +0.5313814605     34825  +0.5313873291  +5.869e-06
   457  +0.5323559253     34888  +0.5323486328  -7.292e-06
   458  +0.5333297323     34952  +0.5333251953  -4.537e-06
   459  +0.5343028825     35016  +0.5343017578  -1.125e-06
   460  +0.5352753766     35080  +0.5352783203  +2.944e-06
   461  +0.5362472157     35143  +0.5362396240  -7.592e-06
   462  +0.5372184005     35207  +0.5372161865  -2.214e-06
   463  +0.5381889321     35271  +0.5381927490  +3.817e-06
   464  +0.5391588111     35334  +0.5391540527  -4.758e-06
   465  +0.5401280386     35398  +0.5401306152  +2.577e-06
   466  +0.5410966153     35461  +0.5410919189  -4.696e-06
   467  +0.5420645423     35525  +0.5420684814  +3.939e-06
   468  +0.5430318203     35588  +0.5430297852  -2.035e-06
   469  +0.5439984501     35651  +0.5439910889  -7.361e-06
   470  +0.5449644328     35715  +0.5449676514  +3.219e-06
   471  +0.5459297691     35778  +0.5459289551  -8.140e-07
   472  +0.5468944599     35841  +0.5468902588  -4.201e-06
   473  +0.5478585061     35904  +0.5478515625  -6.944e-06
   474  +0.5488219085     35968  +0.5488281250  +6.217e-06
   475  +0.5497846679     36031  +0.5497894287  +4.761e-06
   476  +0.5507467854     36094  +0.5507507324  +3.947e-06
   477  +0.5517082616     36157  +0.5517120361  +3.775e-06
   478  +0.5526690975     36220  +0.5526733398  +4.242e-06
   479  +0.5536292939     36283  +0.5536346436  +5.350e-06
   480  +0.5545888517     36346  +0.5545959473  +7.096e-06
   481  +0.5555477716     36408  +0.5555419922  -5.779e-06
   482  +0.5565060547     36471  +0.5565032959  -2.759e-06
   483  +0.5574637016     36534  +0.5574645996  +8.980e-07
   484  +0.5584207133     36597  +0.5584259033  +5.190e-06
   485  +0.5593770905     36659  +0.5593719482  -5.142e-06
   486  +0.5603328342     36722  +0.5603332520  +4.177e-07
   487  +0.5612879452     36785  +0.5612945557  +6.610e-06
   488  +0.5622424242     36847  +0.5622406006  -1.824e-06
   489  +0.5631962722     36910  +0.5632019043  +5.632e-06
   490  +0.5641494900     36972  +0.5641479492  -1.541e-06
   491  +0.5651020784     37035  +0.5651092529  +7.175e-06
   492  +0.5660540382     37097  +0.5660552979  +1.260e-06
   493  +0.5670053702     37159  +0.5670013428  -4.027e-06
   494  +0.5679560754     37222  +0.5679626465  +6.571e-06
   495  +0.5689061545     37284  +0.5689086914  +2.537e-06
   496  +0.5698556083     37346  +0.5698547363  -8.720e-07
   497  +0.5708044377     37408  +0.5708007812  -3.656e-06
   498  +0.5717526435     37470  +0.5717468262  -5.817e-06
   499  +0.5727002265     37532  +0.5726928711  -7.355e-06
   500  +0.5736471875     37595  +0.5736541748  +6.987e-06
   501  +0.5745935273     37657  +0.5746002197  +6.692e-06
   502  +0.5755392468     37719  +0.5755462646  +7.018e-06
   503  +0.5764843468     37780  +0.5764770508  -7.296e-06
   504  +0.5774288280     37842  +0.5774230957  -5.732e-06
   505  +0.5783726914     37904  +0.5783691406  -3.551e-06
   506  +0.5793159376     37966  +0.5793151855  -7.520e-07
   507  +0.5802585675     38028  +0.5802612305  +2.663e-06
   508  +0.5812005819     38090  +0.5812072754  +6.693e-06
   509  +0.5821419817     38151  +0.5821380615  -3.920e-06
   510  +0.5830827675     38213  +0.5830841064  +1.339e-06
   511  +0.5840229403     38275  +0.5840301514  +7.211e-06
   512  +0.5849625007     38336  +0.5849609375  -1.563e-06
   513  +0.5859014497     38398  +0.5859069824  +5.533e-06
   514  +0.5868397880     38459  +0.5868377686  -2.019e-06
   515  +0.5877775163     38521  +0.5877838135  +6.297e-06
   516  +0.5887146356     38582  +0.5887145996  -3.597e-08
   517  +0.5896511465     38643  +0.5896453857  -5.761e-06
   518  +0.5905870499     38705  +0.5905914307  +4.381e-06
   519  +0.5915223466     38766  +0.5915222168  -1.298e-07
   520  +0.5924570373     38827  +0.5924530029  -4.034e-06
   521  +0.5933911228     38888  +0.5933837891  -7.334e-06
   522  +0.5943246039     38950  +0.5943298340  +5.230e-06
   523  +0.5952574814     39011  +0.5952606201  +3.139e-06
   524  +0.5961897561     39072  +0.5961914062  +1.650e-06
   525  +0.5971214288     39133  +0.5971221924  +7.636e-07
   526  +0.5980525002     39194  +0.5980529785  +4.784e-07
   527  +0.5989829710     39255  +0.5989837646  +7.936e-07
   528  +0.5999128422     39316  +0.5999145508  +1.709e-06
   529  +0.6008421144     39377  +0.6008453369  +3.223e-06
   530  +0.6017707884     39438  +0.6017761230  +5.335e-06
   531  +0.6026988650     39498  +0.6026916504  -7.215e-06
   532  +0.6036263450     39559  +0.6036224365  -3.908e-06
   533  +0.6045532291     39620  +0.6045532227  -6.423e-09
   534  +0.6054795181     39681  +0.6054840088  +4.491e-06
   535  +0.6064052127     39741  +0.6063995361  -5.677e-06
   536  +0.6073303137     39802  +0.6073303223  +8.516e-09
   537  +0.6082548220     39863  +0.6082611084  +6.286e-06
   538  +0.6091787381     39923  +0.6091766357  -2.102e-06
   539  +0.6101020630     39984  +0.6101074219  +5.359e-06
   540  +0.6110247973     40044  +0.6110229492  -1.848e-06
   541  +0.6119469418     40105  +0.6119537354  +6.794e-06
   542  +0.6128684973     40165  +0.6128692627  +7.654e-07
   543  +0.6137894645     40225  +0.6137847900  -4.674e-06
   544  +0.6147098441     40286  +0.6147155762  +5.732e-06
   545  +0.6156296370     40346  +0.6156311035  +1.467e-06
   546  +0.6165488438     40406  +0.6165466309  -2.213e-06
   547  +0.6174674653     40466  +0.6174621582  -5.307e-06
   548  +0.6183855023     40527  +0.6183929443  +7.442e-06
   549  +0.6193029554     40587  +0.6193084717  +5.516e-06
   550  +0.6202198255     40647  +0.6202239990  +4.174e-06
   551  +0.6211361133     40707  +0.6211395264  +3.413e-06
   552  +0.6220518195     40767  +0.6220550537  +3.234e-06
   553  +0.6229669448     40827  +0.6229705811  +3.636e-06
   554  +0.6238814900     40887  +0.6238861084  +4.618e-06
   555  +0.6247954559     40947  +0.6248016357  +6.180e-06
   556  +0.6257088431     41006  +0.6257019043  -6.939e-06
   557  +0.6266216524     41066  +0.6266174316  -4.221e-06
   558  +0.6275338845     41126  +0.6275329590  -9.255e-07
   559  +0.6284455401     41186  +0.6284484863  +2.946e-06
   560  +0.6293566201     41246  +0.6293640137  +7.394e-06
   561  +0.6302671250     41305  +0.6302642822  -2.843e-06
   562  +0.6311770557     41365  +0.6311798096  +2.754e-06
   563  +0.6320864128     41424  +0.6320800781  -6.335e-06
   564  +0.6329951971     41484  +0.6329956055  +4.083e-07
   565  +0.6339034093     41543  +0.6338958740  -7.535e-06
   566  +0.6348110502     41603  +0.6348114014  +3.512e-07
   567  +0.6357181203     41662  +0.6357116699  -6.450e-06
   568  +0.6366246205     41722  +0.6366271973  +2.577e-06
   569  +0.6375305515     41781  +0.6375274658  -3.086e-06
   570  +0.6384359140     41841  +0.6384429932  +7.079e-06
   571  +0.6393407087     41900  +0.6393432617  +2.553e-06
   572  +0.6402449362     41959  +0.6402435303  -1.406e-06
   573  +0.6411485974     42018  +0.6411437988  -4.799e-06
   574  +0.6420516929     42077  +0.6420440674  -7.626e-06
   575  +0.6429542235     42137  +0.6429595947  +5.371e-06
   576  +0.6438561898     42196  +0.6438598633  +3.674e-06
   577  +0.6447575925     42255  +0.6447601318  +2.539e-06
   578  +0.6456584324     42314  +0.6456604004  +1.968e-06
   579  +0.6465587102     42373  +0.6465606689  +1.959e-06
   580  +0.6474584265     42432  +0.6474609375  +2.511e-06
   581  +0.6483575820     42491  +0.6483612061  +3.624e-06
   582  +0.6492561775     42550  +0.6492614746  +5.297e-06
   583  +0.6501542137     42609  +0.6501617432  +7.529e-06
   584  +0.6510516912     42667  +0.6510467529  -4.938e-06
   585  +0.6519486107     42726  +0.6519470215  -1.589e-06
   586  +0.6528449730     42785  +0.6528472900  +2.317e-06
   587  +0.6537407787     42844  +0.6537475586  +6.780e-06
   588  +0.6546360285     42902  +0.6546325684  -3.460e-06
   589  +0.6555307232     42961  +0.6555328369  +2.114e-06
   590  +0.6564248633     43019  +0.6564178467  -7.017e-06
   591  +0.6573184496     43078  +0.6573181152  -3.343e-07
   592  +0.6582114828     43137  +0.6582183838  +6.901e-06
   593  +0.6591039635     43195  +0.6591033936  -5.699e-07
   594  +0.6599958924     43253  +0.6599884033  -7.489e-06
   595  +0.6608872703     43312  +0.6608886719  +1.402e-06
   596  +0.6617780978     43370  +0.6617736816  -4.416e-06
   597  +0.6626683755     43429  +0.6626739502  +5.575e-06
   598  +0.6635581042     43487  +0.6635589600  +8.557e-07
   599  +0.6644472845     43545  +0.6644439697  -3.315e-06
   600  +0.6653359172     43603  +0.6653289795  -6.938e-06
   601  +0.6662240028     43662  +0.6662292480  +5.245e-06
   602  +0.6671115421     43720  +0.6671142578  +2.716e-06
   603  +0.6679985357     43778  +0.6679992676  +7.319e-07
   604  +0.6688849843     43836  +0.6688842773  -7.069e-07
   605  +0.6697708885     43894  +0.6697692871  -1.601e-06
   606  +0.6706562491     43952  +0.6706542969  -1.952e-06
   607  +0.6715410667     44010  +0.6715393066  -1.760e-06
   608  +0.6724253420     44068  +0.6724243164  -1.026e-06
   609  +0.6733090756     44126  +0.6733093262  +2.506e-07
   610  +0.6741922681     44184  +0.6741943359  +2.068e-06
   611  +0.6750749204     44242  +0.6750793457  +4.425e-06
   612  +0.6759570329     44300  +0.6759643555  +7.323e-06
   613  +0.6768386065     44357  +0.6768341064  -4.500e-06
   614  +0.6777196416     44415  +0.6777191162  -5.254e-07
   615  +0.6786001391     44473  +0.6786041260  +3.987e-06
   616  +0.6794800995     44530  +0.6794738770  -6.223e-06
   617  +0.6803595235     44588  +0.6803588867  -6.368e-07
   618  +0.6812384118     44646  +0.6812438965  +5.485e-06
   619  +0.6821167650     44703  +0.6821136475  -3.117e-06
   620  +0.6829945837     44761  +0.6829986572  +4.074e-06
   621  +0.6838718686     44818  +0.6838684082  -3.460e-06
   622  +0.6847486204     44876  +0.6847534180  +4.798e-06
   623  +0.6856248397     44933  +0.6856231689  -1.671e-06
   624  +0.6865005272     44990  +0.6864929199  -7.607e-06
   625  +0.6873756834     45048  +0.6873779297  +2.246e-06
   626  +0.6882503091     45105  +0.6882476807  -2.628e-06
   627  +0.6891244049     45162  +0.6891174316  -6.973e-06
   628  +0.6899979714     45220  +0.6900024414  +4.470e-06
   629  +0.6908710093     45277  +0.6908721924  +1.183e-06
   630  +0.6917435192     45334  +0.6917419434  -1.576e-06
   631  +0.6926155017     45391  +0.6926116943  -3.807e-06
   632  +0.6934869575     45448  +0.6934814453  -5.512e-06
   633  +0.6943578872     45505  +0.6943511963  -6.691e-06
   634  +0.6952282915     45562  +0.6952209473  -7.344e-06
   635  +0.6960981710     45619  +0.6960906982  -7.473e-06
   636  +0.6969675262     45676  +0.6969604492  -7.077e-06
   637  +0.6978363580     45733  +0.6978302002  -6.158e-06
   638  +0.6987046668     45790  +0.6986999512  -4.716e-06
   639  +0.6995724533     45847  +0.6995697021  -2.751e-06
   640  +0.7004397181     45904  +0.7004394531  -2.650e-07
   641  +0.7013064620     45961  +0.7013092041  +2.742e-06
   642  +0.7021726854     46018  +0.7021789551  +6.270e-06
   643  +0.7030383890     46074  +0.7030334473  -4.942e-06
   644  +0.7039035734     46131  +0.7039031982  -3.752e-07
   645  +0.7047682394     46188  +0.7047729492  +4.710e-06
   646  +0.7056323874     46244  +0.7056274414  -4.946e-06
   647  +0.7064960181     46301  +0.7064971924  +1.174e-06
   648  +0.7073591321     46357  +0.7073516846  -7.448e-06
   649  +0.7082217300     46414  +0.7082214355  -2.945e-07
   650  +0.7090838126     46471  +0.7090911865  +7.374e-06
   651  +0.7099453802     46527  +0.7099456787  +2.985e-07
   652  +0.7108064337     46583  +0.7108001709  -6.263e-06
   653  +0.7116669736     46640  +0.7116699219  +2.948e-06
   654  +0.7125270004     46696  +0.7125244141  -2.586e-06
   655  +0.7133865149     46752  +0.7133789062  -7.609e-06
   656  +0.7142455177     46809  +0.7142486572  +3.140e-06
   657  +0.7151040092     46865  +0.7151031494  -8.598e-07
   658  +0.7159619903     46921  +0.7159576416  -4.349e-06
   659  +0.7168194613     46977  +0.7168121338  -7.328e-06
   660  +0.7176764231     47034  +0.7176818848  +5.462e-06
   661  +0.7185328761     47090  +0.7185363770  +3.501e-06
   662  +0.7193888209     47146  +0.7193908691  +2.048e-06
   663  +0.7202442583     47202  +0.7202453613  +1.103e-06
   664  +0.7210991887     47258  +0.7210998535  +6.648e-07
   665  +0.7219536128     47314  +0.7219543457  +7.329e-07
   666  +0.7228075312     47370  +0.7228088379  +1.307e-06
   667  +0.7236609444     47426  +0.7236633301  +2.386e-06
   668  +0.7245138531     47482  +0.7245178223  +3.969e-06
   669  +0.7253662579     47538  +0.7253723145  +6.057e-06
   670  +0.7262181593     47593  +0.7262115479  -6.611e-06
   671  +0.7270695580     47649  +0.7270660400  -3.518e-06
   672  +0.7279204546     47705  +0.7279205322  +7.766e-08
   673  +0.7287708495     47761  +0.7287750244  +4.175e-06
   674  +0.7296207436     47816  +0.7296142578  -6.486e-06
   675  +0.7304701372     47872  +0.7304687500  -1.387e-06
   676  +0.7313190310     47928  +0.7313232422  +4.211e-06
   677  +0.7321674257     47983  +0.7321624756  -4.950e-06
   678  +0.7330153217     48039  +0.7330169678  +1.646e-06
   679  +0.7338627197     48094  +0.7338562012  -6.519e-06
   680  +0.7347096202     48150  +0.7347106934  +1.073e-06
   681  +0.7355560239     48205  +0.7355499268  -6.097e-06
   682  +0.7364019313     48261  +0.7364044189  +2.488e-06
   683  +0.7372473430     48316  +0.7372436523  -3.691e-06
   684  +0.7380922596     48372  +0.7380981445  +5.885e-06
   685  +0.7389366817     48427  +0.7389373779  +6.963e-07
   686  +0.7397806098     48482  +0.7397766113  -3.998e-06
   687  +0.7406240445     48538  +0.7406311035  +7.059e-06
   688  +0.7414669864     48593  +0.7414703369  +3.351e-06
   689  +0.7423094361     48648  +0.7423095703  +1.342e-07
   690  +0.7431513941     48703  +0.7431488037  -2.590e-06
   691  +0.7439928611     48758  +0.7439880371  -4.824e-06
   692  +0.7448338375     48813  +0.7448272705  -6.567e-06
   693  +0.7456743240     48869  +0.7456817627  +7.439e-06
   694  +0.7465143211     48924  +0.7465209961  +6.675e-06
   695  +0.7473538295     48979  +0.7473602295  +6.400e-06
   696  +0.7481928496     49034  +0.7481994629  +6.613e-06
   697  +0.7490313820     49089  +0.7490386963  +7.314e-06
   698  +0.7498694274     49143  +0.7498626709  -6.756e-06
   699  +0.7507069862     49198  +0.7507019043  -5.082e-06
   700  +0.7515440591     49253  +0.7515411377  -2.921e-06
   701  +0.7523806466     49308  +0.7523803711  -2.755e-07
   702  +0.7532167492     49363  +0.7532196045  +2.855e-06
   703  +0.7540523675     49418  +0.7540588379  +6.470e-06
   704  +0.7548875022     49472  +0.7548828125  -4.690e-06
   705  +0.7557221536     49527  +0.7557220459  -1.077e-07
   706  +0.7565563225     49582  +0.7565612793  +4.957e-06
   707  +0.7573900094     49636  +0.7573852539  -4.755e-06
   708  +0.7582232147     49691  +0.7582244873  +1.273e-06
   709  +0.7590559392     49745  +0.7590484619  -7.477e-06
   710  +0.7598881832     49800  +0.7598876953  -4.879e-07
   711  +0.7607199475     49855  +0.7607269287  +6.981e-06
   712  +0.7615512324     49909  +0.7615509033  -3.291e-07
   713  +0.7623820387     49963  +0.7623748779  -7.161e-06
   714  +0.7632123668     50018  +0.7632141113  +1.745e-06
   715  +0.7640422173     50072  +0.7640380859  -4.131e-06
   716  +0.7648715907     50127  +0.7648773193  +5.729e-06
   717  +0.7657004877     50181  +0.7657012939  +8.063e-07
   718  +0.7665289086     50235  +0.7665252686  -3.640e-06
   719  +0.7673568541     50289  +0.7673492432  -7.611e-06
   720  +0.7681843248     50344  +0.7681884766  +4.152e-06
   721  +0.7690113211     50398  +0.7690124512  +1.130e-06
   722  +0.7698378436     50452  +0.7698364258  -1.418e-06
   723  +0.7706638929     50506  +0.7706604004  -3.493e-06
   724  +0.7714894695     50560  +0.7714843750  -5.095e-06
   725  +0.7723145739     50614  +0.7723083496  -6.224e-06
   726  +0.7731392067     50668  +0.7731323242  -6.883e-06
   727  +0.7739633684     50722  +0.7739562988  -7.070e-06
   728  +0.7747870596     50776  +0.7747802734  -6.786e-06
   729  +0.7756102808     50830  +0.7756042480  -6.033e-06
   730  +0.7764330324     50884  +0.7764282227  -4.810e-06
   731  +0.7772553152     50938  +0.7772521973  -3.118e-06
   732  +0.7780771295     50992  +0.7780761719  -9.577e-07
   733  +0.7788984760     51046  +0.7789001465  +1.670e-06
   734  +0.7797193551     51100  +0.7797241211  +4.766e-06
   735  +0.7805397675     51153  +0.7805328369  -6.931e-06
   736  +0.7813597135     51207  +0.7813568115  -2.902e-06
   737  +0.7821791938     51261  +0.7821807861  +1.592e-06
   738  +0.7829982089     51315  +0.7830047607  +6.552e-06
   739  +0.7838167593     51368  +0.7838134766  -3.283e-06
   740  +0.7846348456     51422  +0.7846374512  +2.606e-06
   741  +0.7854524682     51475  +0.7854461670  -6.301e-06
   742  +0.7862696276     51529  +0.7862701416  +5.140e-07
   743  +0.7870863246     51582  +0.7870788574  -7.467e-06
   744  +0.7879025594     51636  +0.7879028320  +2.726e-07
   745  +0.7887183327     51689  +0.7887115479  -6.785e-06
   746  +0.7895336450     51743  +0.7895355225  +1.877e-06
   747  +0.7903484968     51796  +0.7903442383  -4.258e-06
   748  +0.7911628886     51850  +0.7911682129  +5.324e-06
   749  +0.7919768209     51903  +0.7919769287  +1.078e-07
   750  +0.7927902943     51956  +0.7927856445  -4.650e-06
   751  +0.7936033093     52010  +0.7936096191  +6.310e-06
   752  +0.7944158664     52063  +0.7944183350  +2.469e-06
   753  +0.7952279660     52116  +0.7952270508  -9.152e-07
   754  +0.7960396088     52169  +0.7960357666  -3.842e-06
   755  +0.7968507953     52222  +0.7968444824  -6.313e-06
   756  +0.7976615259     52276  +0.7976684570  +6.931e-06
   757  +0.7984718011     52329  +0.7984771729  +5.372e-06
   758  +0.7992816215     52382  +0.7992858887  +4.267e-06
   759  +0.8000909876     52435  +0.8000946045  +3.617e-06
   760  +0.8008998999     52488  +0.8009033203  +3.420e-06
   761  +0.8017083589     52541  +0.8017120361  +3.677e-06
   762  +0.8025163651     52594  +0.8025207520  +4.387e-06
   763  +0.8033239190     52647  +0.8033294678  +5.549e-06
   764  +0.8041310212     52700  +0.8041381836  +7.162e-06
   765  +0.8049376721     52752  +0.8049316406  -6.031e-06
   766  +0.8057438722     52805  +0.8057403564  -3.516e-06
   767  +0.8065496220     52858  +0.8065490723  -5.497e-07
   768  +0.8073549221     52911  +0.8073577881  +2.866e-06
   769  +0.8081597729     52964  +0.8081665039  +6.731e-06
   770  +0.8089641749     53016  +0.8089599609  -4.214e-06
   771  +0.8097681287     53069  +0.8097686768  +5.480e-07
   772  +0.8105716347     53122  +0.8105773926  +5.758e-06
   773  +0.8113746935     53174  +0.8113708496  -3.844e-06
   774  +0.8121773055     53227  +0.8121795654  +2.260e-06
   775  +0.8129794713     53279  +0.8129730225  -6.449e-06
   776  +0.8137811912     53332  +0.8137817383  +5.471e-07
   777  +0.8145824659     53384  +0.8145751953  -7.271e-06
   778  +0.8153832958     53437  +0.8153839111  +6.153e-07
   779  +0.8161836814     53489  +0.8161773682  -6.313e-06
   780  +0.8169836233     53542  +0.8169860840  +2.461e-06
   781  +0.8177831218     53594  +0.8177795410  -3.581e-06
   782  +0.8185821775     53647  +0.8185882568  +6.079e-06
   783  +0.8193807909     53699  +0.8193817139  +9.230e-07
   784  +0.8201789624     53751  +0.8201751709  -3.792e-06
   785  +0.8209766926     53804  +0.8209838867  +7.194e-06
   786  +0.8217739820     53856  +0.8217773438  +3.362e-06
   787  +0.8225708310     53908  +0.8225708008  -3.017e-08
   788  +0.8233672400     53960  +0.8233642578  -2.982e-06
   789  +0.8241632097     54012  +0.8241577148  -5.495e-06
   790  +0.8249587405     54064  +0.8249511719  -7.569e-06
   791  +0.8257538329     54117  +0.8257598877  +6.055e-06
   792  +0.8265484873     54169  +0.8265533447  +4.857e-06
   793  +0.8273427042     54221  +0.8273468018  +4.098e-06
   794  +0.8281364842     54273  +0.8281402588  +3.775e-06
   795  +0.8289298277     54325  +0.8289337158  +3.888e-06
   796  +0.8297227351     54377  +0.8297271729  +4.438e-06
   797  +0.8305152070     54429  +0.8305206299  +5.423e-06
   798  +0.8313072438     54481  +0.8313140869  +6.843e-06
   799  +0.8320988460     54532  +0.8320922852  -6.561e-06
   800  +0.8328900142     54584  +0.8328857422  -4.272e-06
   801  +0.8336807487     54636  +0.8336791992  -1.549e-06
   802  +0.8344710500     54688  +0.8344726562  +1.606e-06
   803  +0.8352609186     54740  +0.8352661133  +5.195e-06
   804  +0.8360503551     54791  +0.8360443115  -6.044e-06
   805  +0.8368393597     54843  +0.8368377686  -1.591e-06
   806  +0.8376279332     54895  +0.8376312256  +3.292e-06
   807  +0.8384160758     54946  +0.8384094238  -6.652e-06
   808  +0.8392037881     54998  +0.8392028809  -9.072e-07
   809  +0.8399910705     55050  +0.8399963379  +5.267e-06
   810  +0.8407779236     55101  +0.8407745361  -3.387e-06
   811  +0.8415643477     55153  +0.8415679932  +3.645e-06
   812  +0.8423503434     55204  +0.8423461914  -4.152e-06
   813  +0.8431359111     55256  +0.8431396484  +3.737e-06
   814  +0.8439210513     55307  +0.8439178467  -3.205e-06
   815  +0.8447057644     55359  +0.8447113037  +5.539e-06
   816  +0.8454900509     55410  +0.8454895020  -5.490e-07
   817  +0.8462739113     55461  +0.8462677002  -6.211e-06
   818  +0.8470573461     55513  +0.8470611572  +3.811e-06
   819  +0.8478403556     55564  +0.8478393555  -1.000e-06
   820  +0.8486229404     55615  +0.8486175537  -5.387e-06
   821  +0.8494051009     55667  +0.8494110107  +5.910e-06
   822  +0.8501868376     55718  +0.8501892090  +2.371e-06
   823  +0.8509681510     55769  +0.8509674072  -7.438e-07
   824  +0.8517490414     55820  +0.8517456055  -3.436e-06
   825  +0.8525295094     55871  +0.8525238037  -5.706e-06
   826  +0.8533095554     55922  +0.8533020020  -7.553e-06
   827  +0.8540891799     55974  +0.8540954590  +6.279e-06
   828  +0.8548683833     56025  +0.8548736572  +5.274e-06
   829  +0.8556471660     56076  +0.8556518555  +4.689e-06
   830  +0.8564255286     56127  +0.8564300537  +4.525e-06
   831  +0.8572034715     56178  +0.8572082520  +4.780e-06
   832  +0.8579809951     56229  +0.8579864502  +5.455e-06
   833  +0.8587580999     56280  +0.8587646484  +6.549e-06
   834  +0.8595347864     56330  +0.8595275879  -7.198e-06
   835  +0.8603110549     56381  +0.8603057861  -5.269e-06
   836  +0.8610869060     56432  +0.8610839844  -2.922e-06
   837  +0.8618623401     56483  +0.8618621826  -1.574e-07
   838  +0.8626373576     56534  +0.8626403809  +3.023e-06
   839  +0.8634119589     56585  +0.8634185791  +6.620e-06
   840  +0.8641861447     56635  +0.8641815186  -4.626e-06
   841  +0.8649599151     56686  +0.8649597168  -1.983e-07
   842  +0.8657332709     56737  +0.8657379150  +4.644e-06
   843  +0.8665062122     56787  +0.8665008545  -5.358e-06
   844  +0.8672787397     56838  +0.8672790527  +3.130e-07
   845  +0.8680508537     56889  +0.8680572510  +6.397e-06
   846  +0.8688225548     56939  +0.8688201904  -2.364e-06
   847  +0.8695938432     56990  +0.8695983887  +4.545e-06
   848  +0.8703647196     57040  +0.8703613281  -3.391e-06
   849  +0.8711351842     57091  +0.8711395264  +4.342e-06
   850  +0.8719052377     57141  +0.8719024658  -2.772e-06
   851  +0.8726748803     57192  +0.8726806641  +5.784e-06
   852  +0.8734441125     57242  +0.8734436035  -5.090e-07
   853  +0.8742129348     57292  +0.8742065430  -6.392e-06
   854  +0.8749813477     57343  +0.8749847412  +3.394e-06
   855  +0.8757493514     57393  +0.8757476807  -1.671e-06
   856  +0.8765169466     57443  +0.8765106201  -6.326e-06
   857  +0.8772841335     57494  +0.8772888184  +4.685e-06
   858  +0.8780509127     57544  +0.8780517578  +8.451e-07
   859  +0.8788172846     57594  +0.8788146973  -2.587e-06
   860  +0.8795832496     57644  +0.8795776367  -5.613e-06
   861  +0.8803488082     57695  +0.8803558350  +7.027e-06
   862  +0.8811139607     57745  +0.8811187744  +4.814e-06
   863  +0.8818787076     57795  +0.8818817139  +3.006e-06
   864  +0.8826430494     57845  +0.8826446533  +1.604e-06
   865  +0.8834069864     57895  +0.8834075928  +6.064e-07
   866  +0.8841705191     57945  +0.8841705322  +1.312e-08
   867  +0.8849336479     57995  +0.8849334717  -1.763e-07
   868  +0.8856963733     58045  +0.8856964111  +3.779e-08
   869  +0.8864586957     58095  +0.8864593506  +6.549e-07
   870  +0.8872206155     58145  +0.8872222900  +1.675e-06
   871  +0.8879821331     58195  +0.8879852295  +3.096e-06
   872  +0.8887432489     58245  +0.8887481689  +4.920e-06
   873  +0.8895039634     58295  +0.8895111084  +7.145e-06
   874  +0.8902642770     58344  +0.8902587891  -5.488e-06
   875  +0.8910241901     58394  +0.8910217285  -2.462e-06
   876  +0.8917837032     58444  +0.8917846680  +9.648e-07
   877  +0.8925428166     58494  +0.8925476074  +4.791e-06
   878  +0.8933015309     58543  +0.8932952881  -6.243e-06
   879  +0.8940598463     58593  +0.8940582275  -1.619e-06
   880  +0.8948177633     58643  +0.8948211670  +3.404e-06
   881  +0.8955752824     58692  +0.8955688477  -6.435e-06
   882  +0.8963324039     58742  +0.8963317871  -6.168e-07
   883  +0.8970891283     58792  +0.8970947266  +5.598e-06
   884  +0.8978454560     58841  +0.8978424072  -3.049e-06
   885  +0.8986013874     58891  +0.8986053467  +3.959e-06
   886  +0.8993569229     58940  +0.8993530273  -3.896e-06
   887  +0.9001120630     58990  +0.9001159668  +3.904e-06
   888  +0.9008668080     59039  +0.9008636475  -3.161e-06
   889  +0.9016211583     59089  +0.9016265869  +5.429e-06
   890  +0.9023751145     59138  +0.9023742676  -8.469e-07
   891  +0.9031286768     59187  +0.9031219482  -6.729e-06
   892  +0.9038818457     59237  +0.9038848877  +3.042e-06
   893  +0.9046346217     59286  +0.9046325684  -2.053e-06
   894  +0.9053870050     59335  +0.9053802490  -6.756e-06
   895  +0.9061389962     59385  +0.9061431885  +4.192e-06
   896  +0.9068905956     59434  +0.9068908691  +2.735e-07
   897  +0.9076418037     59483  +0.9076385498  -3.254e-06
   898  +0.9083926208     59532  +0.9083862305  -6.390e-06
   899  +0.9091430473     59582  +0.9091491699  +6.123e-06
   900  +0.9098930838     59631  +0.9098968506  +3.767e-06
   901  +0.9106427305     59680  +0.9106445312  +1.801e-06
   902  +0.9113919878     59729  +0.9113922119  +2.241e-07
   903  +0.9121408563     59778  +0.9121398926  -9.637e-07
   904  +0.9128893362     59827  +0.9128875732  -1.763e-06
   905  +0.9136374280     59876  +0.9136352539  -2.174e-06
   906  +0.9143851322     59925  +0.9143829346  -2.198e-06
   907  +0.9151324490     59974  +0.9151306152  -1.834e-06
   908  +0.9158793788     60023  +0.9158782959  -1.083e-06
   909  +0.9166259222     60072  +0.9166259766  +5.435e-08
   910  +0.9173720795     60121  +0.9173736572  +1.578e-06
   911  +0.9181178510     60170  +0.9181213379  +3.487e-06
   912  +0.9188632373     60219  +0.9188690186  +5.781e-06
   913  +0.9196082386     60267  +0.9196014404  -6.798e-06
   914  +0.9203528554     60316  +0.9203491211  -3.734e-06
   915  +0.9210970881     60365  +0.9210968018  -2.863e-07
   916  +0.9218409371     60414  +0.9218444824  +3.545e-06
   917  +0.9225844027     60462  +0.9225769043  -7.498e-06
   918  +0.9233274854     60511  +0.9233245850  -2.900e-06
   919  +0.9240701856     60560  +0.9240722656  +2.080e-06
   920  +0.9248125036     60609  +0.9248199463  +7.443e-06
   921  +0.9255544399     60657  +0.9255523682  -2.072e-06
   922  +0.9262959948     60706  +0.9263000488  +4.054e-06
   923  +0.9270371687     60754  +0.9270324707  -4.698e-06
   924  +0.9277779621     60803  +0.9277801514  +2.189e-06
   925  +0.9285183753     60851  +0.9285125732  -5.802e-06
   926  +0.9292584086     60900  +0.9292602539  +1.845e-06
   927  +0.9299980626     60948  +0.9299926758  -5.387e-06
   928  +0.9307373376     60997  +0.9307403564  +3.019e-06
   929  +0.9314762339     61045  +0.9314727783  -3.456e-06
   930  +0.9322147520     61094  +0.9322204590  +5.707e-06
   931  +0.9329528922     61142  +0.9329528809  -1.134e-08
   932  +0.9336906550     61190  +0.9336853027  -5.352e-06
   933  +0.9344280406     61239  +0.9344329834  +4.943e-06
   934  +0.9351650496     61287  +0.9351654053  +3.557e-07
   935  +0.9359016823     61335  +0.9358978271  -3.855e-06
   936  +0.9366379390     61384  +0.9366455078  +7.569e-06
   937  +0.9373738202     61432  +0.9373779297  +4.109e-06
   938  +0.9381093262     61480  +0.9381103516  +1.025e-06
   939  +0.9388444575     61528  +0.9388427734  -1.684e-06
   940  +0.9395792143     61576  +0.9395751953  -4.019e-06
   941  +0.9403135971     61624  +0.9403076172  -5.980e-06
   942  +0.9410476063     61672  +0.9410400391  -7.567e-06
   943  +0.9417812423     61721  +0.9417877197  +6.477e-06
   944  +0.9425145053     61769  +0.9425201416  +5.636e-06
   945  +0.9432473959     61817  +0.9432525635  +5.168e-06
   946  +0.9439799143     61865  +0.9439849854  +5.071e-06
   947  +0.9447120610     61913  +0.9447174072  +5.346e-06
   948  +0.9454438364     61961  +0.9454498291  +5.993e-06
   949  +0.9461752407     62009  +0.9461822510  +7.010e-06
   950  +0.9469062745     62056  +0.9468994141  -6.860e-06
   951  +0.9476369380     62104  +0.9476318359  -5.102e-06
   952  +0.9483672316     62152  +0.9483642578  -2.974e-06
   953  +0.9490971557     62200  +0.9490966797  -4.760e-07
   954  +0.9498267108     62248  +0.9498291016  +2.391e-06
   955  +0.9505558970     62296  +0.9505615234  +5.626e-06
   956  +0.9512847150     62343  +0.9512786865  -6.028e-06
   957  +0.9520131649     62391  +0.9520111084  -2.056e-06
   958  +0.9527412472     62439  +0.9527435303  +2.283e-06
   959  +0.9534689622     62487  +0.9534759521  +6.990e-06
   960  +0.9541963104     62534  +0.9541931152  -3.195e-06
   961  +0.9549232920     62582  +0.9549255371  +2.245e-06
   962  +0.9556499075     62629  +0.9556427002  -7.207e-06
   963  +0.9563761572     62677  +0.9563751221  -1.035e-06
   964  +0.9571020416     62725  +0.9571075439  +5.502e-06
   965  +0.9578275608     62772  +0.9578247070  -2.854e-06
   966  +0.9585527154     62820  +0.9585571289  +4.413e-06
   967  +0.9592775057     62867  +0.9592742920  -3.214e-06
   968  +0.9600019321     62915  +0.9600067139  +4.782e-06
   969  +0.9607259948     62962  +0.9607238770  -2.118e-06
   970  +0.9614496944     63010  +0.9614562988  +6.604e-06
   971  +0.9621730311     63057  +0.9621734619  +4.308e-07
   972  +0.9628960053     63104  +0.9628906250  -5.380e-06
   973  +0.9636186174     63152  +0.9636230469  +4.429e-06
   974  +0.9643408678     63199  +0.9643402100  -6.578e-07
   975  +0.9650627567     63246  +0.9650573730  -5.384e-06
   976  +0.9657842847     63294  +0.9657897949  +5.510e-06
   977  +0.9665054519     63341  +0.9665069580  +1.506e-06
   978  +0.9672262588     63388  +0.9672241211  -2.138e-06
   979  +0.9679467058     63435  +0.9679412842  -5.422e-06
   980  +0.9686667932     63483  +0.9686737061  +6.913e-06
   981  +0.9693865213     63530  +0.9693908691  +4.348e-06
   982  +0.9701058906     63577  +0.9701080322  +2.142e-06
   983  +0.9708249014     63624  +0.9708251953  +2.939e-07
   984  +0.9715435540     63671  +0.9715423584  -1.196e-06
   985  +0.9722618487     63718  +0.9722595215  -2.327e-06
   986  +0.9729797861     63765  +0.9729766846  -3.101e-06
   987  +0.9736973663     63812  +0.9736938477  -3.519e-06
   988  +0.9744145898     63859  +0.9744110107  -3.579e-06
   989  +0.9751314569     63906  +0.9751281738  -3.283e-06
   990  +0.9758479680     63953  +0.9758453369  -2.631e-06
   991  +0.9765641234     64000  +0.9765625000  -1.623e-06
   992  +0.9772799235     64047  +0.9772796631  -2.604e-07
   993  +0.9779953686     64094  +0.9779968262  +1.458e-06
   994  +0.9787104591     64141  +0.9787139893  +3.530e-06
   995  +0.9794251953     64188  +0.9794311523  +5.957e-06
   996  +0.9801395776     64234  +0.9801330566  -6.521e-06
   997  +0.9808536064     64281  +0.9808502197  -3.387e-06
   998  +0.9815672819     64328  +0.9815673828  +1.009e-07
   999  +0.9822806046     64375  +0.9822845459  +3.941e-06
  1000  +0.9829935747     64421  +0.9829864502  -7.124e-06
  1001  +0.9837061927     64468  +0.9837036133  -2.579e-06
  1002  +0.9844184588     64515  +0.9844207764  +2.318e-06
  1003  +0.9851303735     64562  +0.9851379395  +7.566e-06
  1004  +0.9858419370     64608  +0.9858398438  -2.093e-06
  1005  +0.9865531498     64655  +0.9865570068  +3.857e-06
  1006  +0.9872640121     64701  +0.9872589111  -5.101e-06
  1007  +0.9879745243     64748  +0.9879760742  +1.550e-06
  1008  +0.9886846868     64794  +0.9886779785  -6.708e-06
  1009  +0.9893944998     64841  +0.9893951416  +6.418e-07
  1010  +0.9901039639     64887  +0.9900970459  -6.918e-06
  1011  +0.9908130792     64934  +0.9908142090  +1.130e-06
  1012  +0.9915218461     64980  +0.9915161133  -5.733e-06
  1013  +0.9922302650     65027  +0.9922332764  +3.011e-06
  1014  +0.9929383362     65073  +0.9929351807  -3.156e-06
  1015  +0.9936460600     65120  +0.9936523438  +6.284e-06
  1016  +0.9943534369     65166  +0.9943542480  +8.112e-07
  1017  +0.9950604670     65212  +0.9950561523  -4.315e-06
  1018  +0.9957671509     65259  +0.9957733154  +6.165e-06
  1019  +0.9964734887     65305  +0.9964752197  +1.731e-06
  1020  +0.9971794809     65351  +0.9971771240  -2.357e-06
  1021  +0.9978851278     65397  +0.9978790283  -6.100e-06
  1022  +0.9985904297     65444  +0.9985961914  +5.762e-06
  1023  +0.9992953870     65490  +0.9992980957  +2.709e-06
