% log_amp_lut : 256 entries
% Format: signed Q1.14 (16-bit), scale = 2^14 = 16384, resolution = 6.103516e-05
% Quantisation error: max |e| = 3.038286e-05, RMS = 1.810756e-05
% X0 = 1.2125
% IFloor = 0
% expr = log(sqrt(max(I,IFloor)+0.5)) - X0
% addr_min = 0
% addr_max = 255
% Columns: addr  exact_value  code(dec)  requantized  error
     0  -1.5590735903    -25544  -1.5590820312  -8.441e-06
     1  -1.0097674459    -16544  -1.0097656250  +1.821e-06
     2  -0.7543546341    -12359  -0.7543334961  +2.114e-05
     3  -0.5861185158     -9603  -0.5861206055  -2.090e-06
     4  -0.4604613016     -7544  -0.4604492188  +1.208e-05
     5  -0.3601259539     -5900  -0.3601074219  +1.853e-05
     6  -0.2765989115     -4532  -0.2766113281  -1.242e-05
     7  -0.2050484897     -3360  -0.2050781250  -2.964e-05
     8  -0.1424669183     -2334  -0.1424560547  +1.086e-05
     9  -0.0868541007     -1423  -0.0868530273  +1.073e-06
    10  -0.0368123714      -603  -0.0368041992  +8.172e-06
    11  +0.0086735177       142  +0.0086669922  -6.525e-06
    12  +0.0503643222       825  +0.0503540039  -1.032e-05
    13  +0.0888448427      1456  +0.0888671875  +2.234e-05
    14  +0.1245743247      2041  +0.1245727539  -1.571e-06
    15  +0.1579200120      2587  +0.1578979492  -2.206e-05
    16  +0.1891801905      3100  +0.1892089844  +2.879e-05
    17  +0.2186004405      3582  +0.2186279297  +2.749e-05
    18  +0.2463853660      4037  +0.2463989258  +1.356e-05
    19  +0.2727072328      4468  +0.2727050781  -2.155e-06
    20  +0.2977124431      4878  +0.2977294922  +1.705e-05
    21  +0.3215264676      5268  +0.3215332031  +6.736e-06
    22  +0.3442576546      5640  +0.3442382812  -1.937e-05
    23  +0.3660002106      5997  +0.3660278320  +2.762e-05
    24  +0.3868365588      6338  +0.3868408203  +4.262e-06
    25  +0.4068392261      6666  +0.4068603516  +2.113e-05
    26  +0.4260723665      6981  +0.4260864258  +1.406e-05
    27  +0.4445930023      7284  +0.4445800781  -1.292e-05
    28  +0.4624520436      7577  +0.4624633789  +1.134e-05
    29  +0.4796951317      7859  +0.4796752930  -1.984e-05
    30  +0.4963633418      8132  +0.4963378906  -2.545e-05
    31  +0.5124937729      8397  +0.5125122070  +1.843e-05
    32  +0.5281200447      8653  +0.5281372070  +1.716e-05
    33  +0.5432727194      8901  +0.5432739258  +1.206e-06
    34  +0.5579796620      9142  +0.5579833984  +3.736e-06
    35  +0.5722663482      9376  +0.5722656250  -7.232e-07
    36  +0.5861561303      9604  +0.5861816406  +2.551e-05
    37  +0.5996704665      9825  +0.5996704102  -5.633e-08
    38  +0.6128291206     10041  +0.6128540039  +2.488e-05
    39  +0.6256503360     10251  +0.6256713867  +2.105e-05
    40  +0.6381509871     10455  +0.6381225586  -2.843e-05
    41  +0.6503467136     10655  +0.6503295898  -1.712e-05
    42  +0.6622520380     10850  +0.6622314453  -2.059e-05
    43  +0.6738804690     11041  +0.6738891602  +8.691e-06
    44  +0.6852445946     11227  +0.6852416992  -2.895e-06
    45  +0.6963561630     11409  +0.6963500977  -6.065e-06
    46  +0.7072261563     11587  +0.7072143555  -1.180e-05
    47  +0.7178648555     11761  +0.7178344727  -3.038e-05
    48  +0.7282818990     11932  +0.7282714844  -1.041e-05
    49  +0.7384863348     12099  +0.7384643555  -2.198e-05
    50  +0.7484866681     12263  +0.7484741211  -1.255e-05
    51  +0.7582909038     12424  +0.7583007812  +9.877e-06
    52  +0.7679065848     12581  +0.7678833008  -2.328e-05
    53  +0.7773408270     12736  +0.7773437500  +2.923e-06
    54  +0.7866003508     12888  +0.7866210938  +2.074e-05
    55  +0.7956915104     13037  +0.7957153320  +2.382e-05
    56  +0.8046203191     13183  +0.8046264648  +6.146e-06
    57  +0.8133924739     13327  +0.8134155273  +2.305e-05
    58  +0.8220133771     13468  +0.8220214844  +8.107e-06
    59  +0.8304881563     13607  +0.8305053711  +1.721e-05
    60  +0.8388216825     13743  +0.8388061523  -1.553e-05
    61  +0.8470185874     13878  +0.8470458984  +2.731e-05
    62  +0.8550832784     14010  +0.8551025391  +1.926e-05
    63  +0.8630199529     14140  +0.8630371094  +1.716e-05
    64  +0.8708326119     14268  +0.8708496094  +1.700e-05
    65  +0.8785250713     14394  +0.8785400391  +1.497e-05
    66  +0.8861009738     14518  +0.8861083984  +7.425e-06
    67  +0.8935637989     14640  +0.8935546875  -9.111e-06
    68  +0.9009168726     14761  +0.9009399414  +2.307e-05
    69  +0.9081633763     14879  +0.9081420898  -2.129e-05
    70  +0.9153063549     14996  +0.9152832031  -2.315e-05
    71  +0.9223487248     15112  +0.9223632812  +1.456e-05
    72  +0.9292932809     15226  +0.9293212891  +2.801e-05
    73  +0.9361427031     15338  +0.9361572266  +1.452e-05
    74  +0.9428995627     15448  +0.9428710938  -2.847e-05
    75  +0.9495663281     15558  +0.9495849609  +1.863e-05
    76  +0.9561453704     15665  +0.9561157227  -2.965e-05
    77  +0.9626389682     15772  +0.9626464844  +7.516e-06
    78  +0.9690493124     15877  +0.9690551758  +5.863e-06
    79  +0.9753785108     15981  +0.9754028320  +2.432e-05
    80  +0.9816285922     16083  +0.9816284180  -1.742e-07
    81  +0.9878015101     16184  +0.9877929688  -8.541e-06
    82  +0.9938991467     16284  +0.9938964844  -2.662e-06
    83  +0.9999233159     16383  +0.9999389648  +1.565e-05
    84  +1.0058757672     16480  +1.0058593750  -1.639e-05
    85  +1.0117581880     16577  +1.0117797852  +2.160e-05
    86  +1.0175722070     16672  +1.0175781250  +5.918e-06
    87  +1.0233193967     16766  +1.0233154297  -3.967e-06
    88  +1.0290012760     16859  +1.0289916992  -9.577e-06
    89  +1.0346193126     16951  +1.0346069336  -1.238e-05
    90  +1.0401749254     17042  +1.0401611328  -1.379e-05
    91  +1.0456694861     17132  +1.0456542969  -1.519e-05
    92  +1.0511043223     17221  +1.0510864258  -1.790e-05
    93  +1.0564807181     17309  +1.0564575195  -2.320e-05
    94  +1.0617999172     17397  +1.0618286133  +2.870e-05
    95  +1.0670631237     17483  +1.0670776367  +1.451e-05
    96  +1.0722715042     17568  +1.0722656250  -5.879e-06
    97  +1.0774261890     17653  +1.0774536133  +2.742e-05
    98  +1.0825282741     17736  +1.0825195312  -8.743e-06
    99  +1.0875788221     17819  +1.0875854492  +6.627e-06
   100  +1.0925788637     17901  +1.0925903320  +1.147e-05
   101  +1.0975293992     17982  +1.0975341797  +4.780e-06
   102  +1.1024313993     18062  +1.1024169922  -1.441e-05
   103  +1.1072858064     18142  +1.1072998047  +1.400e-05
   104  +1.1120935357     18221  +1.1121215820  +2.805e-05
   105  +1.1168554765     18299  +1.1168823242  +2.685e-05
   106  +1.1215724926     18376  +1.1215820312  +9.539e-06
   107  +1.1262454238     18452  +1.1262207031  -2.472e-05
   108  +1.1308750865     18528  +1.1308593750  -1.571e-05
   109  +1.1354622746     18603  +1.1354370117  -2.526e-05
   110  +1.1400077605     18678  +1.1400146484  +6.888e-06
   111  +1.1445122955     18752  +1.1445312500  +1.895e-05
   112  +1.1489766108     18825  +1.1489868164  +1.021e-05
   113  +1.1534014185     18897  +1.1533813477  -2.007e-05
   114  +1.1577874115     18969  +1.1577758789  -1.153e-05
   115  +1.1621352650     19040  +1.1621093750  -2.589e-05
   116  +1.1664456365     19111  +1.1664428711  -2.765e-06
   117  +1.1707191668     19181  +1.1707153320  -3.835e-06
   118  +1.1749564803     19250  +1.1749267578  -2.972e-05
   119  +1.1791581857     19319  +1.1791381836  -2.000e-05
   120  +1.1833248765     19388  +1.1833496094  +2.473e-05
   121  +1.1874571314     19455  +1.1874389648  -1.817e-05
   122  +1.1915555150     19522  +1.1915283203  -2.719e-05
   123  +1.1956205780     19589  +1.1956176758  -2.902e-06
   124  +1.1996528580     19655  +1.1996459961  -6.862e-06
   125  +1.2036528793     19721  +1.2036743164  +2.144e-05
   126  +1.2076211541     19786  +1.2076416016  +2.045e-05
   127  +1.2115581823     19850  +1.2115478516  -1.033e-05
   128  +1.2154644522     19914  +1.2154541016  -1.035e-05
   129  +1.2193404406     19978  +1.2193603516  +1.991e-05
   130  +1.2231866134     20041  +1.2232055664  +1.895e-05
   131  +1.2270034258     20103  +1.2269897461  -1.368e-05
   132  +1.2307913227     20165  +1.2307739258  -1.740e-05
   133  +1.2345507389     20227  +1.2345581055  +7.367e-06
   134  +1.2382820995     20288  +1.2382812500  -8.495e-07
   135  +1.2419858202     20349  +1.2420043945  +1.857e-05
   136  +1.2456623073     20409  +1.2456665039  +4.197e-06
   137  +1.2493119586     20469  +1.2493286133  +1.665e-05
   138  +1.2529351628     20528  +1.2529296875  -5.475e-06
   139  +1.2565323006     20587  +1.2565307617  -1.539e-06
   140  +1.2601037444     20646  +1.2601318359  +2.809e-05
   141  +1.2636498585     20704  +1.2636718750  +2.202e-05
   142  +1.2671709999     20761  +1.2671508789  -2.012e-05
   143  +1.2706675176     20819  +1.2706909180  +2.340e-05
   144  +1.2741397538     20876  +1.2741699219  +3.017e-05
   145  +1.2775880433     20932  +1.2775878906  -1.527e-07
   146  +1.2810127142     20988  +1.2810058594  -6.855e-06
   147  +1.2844140879     21044  +1.2844238281  +9.740e-06
   148  +1.2877924791     21099  +1.2877807617  -1.172e-05
   149  +1.2911481964     21154  +1.2911376953  -1.050e-05
   150  +1.2944815421     21209  +1.2944946289  +1.309e-05
   151  +1.2977928125     21263  +1.2977905273  -2.285e-06
   152  +1.3010822980     21317  +1.3010864258  +4.128e-06
   153  +1.3043502835     21370  +1.3043212891  -2.899e-05
   154  +1.3075970482     21424  +1.3076171875  +2.014e-05
   155  +1.3108228658     21477  +1.3108520508  +2.918e-05
   156  +1.3140280050     21529  +1.3140258789  -2.126e-06
   157  +1.3172127291     21581  +1.3171997070  -1.302e-05
   158  +1.3203772967     21633  +1.3203735352  -3.762e-06
   159  +1.3235219611     21685  +1.3235473633  +2.540e-05
   160  +1.3266469713     21736  +1.3266601562  +1.318e-05
   161  +1.3297525713     21787  +1.3297729492  +2.038e-05
   162  +1.3328390009     21837  +1.3328247070  -1.429e-05
   163  +1.3359064952     21887  +1.3358764648  -3.003e-05
   164  +1.3389552851     21937  +1.3389282227  -2.706e-05
   165  +1.3419855974     21987  +1.3419799805  -5.617e-06
   166  +1.3449976547     22036  +1.3449707031  -2.695e-05
   167  +1.3479916756     22085  +1.3479614258  -3.025e-05
   168  +1.3509678749     22134  +1.3509521484  -1.573e-05
   169  +1.3539264634     22183  +1.3539428711  +1.641e-05
   170  +1.3568676484     22231  +1.3568725586  +4.910e-06
   171  +1.3597916333     22279  +1.3598022461  +1.061e-05
   172  +1.3626986182     22326  +1.3626708984  -2.772e-05
   173  +1.3655887997     22374  +1.3656005859  +1.179e-05
   174  +1.3684623708     22421  +1.3684692383  +6.867e-06
   175  +1.3713195215     22468  +1.3713378906  +1.837e-05
   176  +1.3741604382     22514  +1.3741455078  -1.493e-05
   177  +1.3769853045     22561  +1.3770141602  +2.886e-05
   178  +1.3797943006     22607  +1.3798217773  +2.748e-05
   179  +1.3825876040     22652  +1.3825683594  -1.924e-05
   180  +1.3853653889     22698  +1.3853759766  +1.059e-05
   181  +1.3881278269     22743  +1.3881225586  -5.268e-06
   182  +1.3908750865     22788  +1.3908691406  -5.946e-06
   183  +1.3936073337     22833  +1.3936157227  +8.389e-06
   184  +1.3963247317     22877  +1.3963012695  -2.346e-05
   185  +1.3990274410     22922  +1.3990478516  +2.041e-05
   186  +1.4017156195     22966  +1.4017333984  +1.778e-05
   187  +1.4043894227     23010  +1.4044189453  +2.952e-05
   188  +1.4070490034     23053  +1.4070434570  -5.546e-06
   189  +1.4096945123     23096  +1.4096679688  -2.654e-05
   190  +1.4123260973     23140  +1.4123535156  +2.742e-05
   191  +1.4149439043     23182  +1.4149169922  -2.691e-05
   192  +1.4175480769     23225  +1.4175415039  -6.573e-06
   193  +1.4201387562     23268  +1.4201660156  +2.726e-05
   194  +1.4227160815     23310  +1.4227294922  +1.341e-05
   195  +1.4252801897     23352  +1.4252929688  +1.278e-05
   196  +1.4278312157     23394  +1.4278564453  +2.523e-05
   197  +1.4303692922     23435  +1.4303588867  -1.041e-05
   198  +1.4328945501     23477  +1.4329223633  +2.781e-05
   199  +1.4354071182     23518  +1.4354248047  +1.769e-05
   200  +1.4379071234     23559  +1.4379272461  +2.012e-05
   201  +1.4403946907     23599  +1.4403686523  -2.604e-05
   202  +1.4428699433     23640  +1.4428710938  +1.150e-06
   203  +1.4453330024     23680  +1.4453125000  -2.050e-05
   204  +1.4477839877     23720  +1.4477539062  -3.008e-05
   205  +1.4502230170     23760  +1.4501953125  -2.770e-05
   206  +1.4526502062     23800  +1.4526367188  -1.349e-05
   207  +1.4550656698     23840  +1.4550781250  +1.246e-05
   208  +1.4574695206     23879  +1.4574584961  -1.102e-05
   209  +1.4598618697     23918  +1.4598388672  -2.300e-05
   210  +1.4622428266     23957  +1.4622192383  -2.359e-05
   211  +1.4646124992     23996  +1.4645996094  -1.289e-05
   212  +1.4669709942     24035  +1.4669799805  +8.986e-06
   213  +1.4693184163     24073  +1.4692993164  -1.910e-05
   214  +1.4716548692     24112  +1.4716796875  +2.482e-05
   215  +1.4739804548     24150  +1.4739990234  +1.857e-05
   216  +1.4762952737     24188  +1.4763183594  +2.309e-05
   217  +1.4785994253     24225  +1.4785766602  -2.277e-05
   218  +1.4808930073     24263  +1.4808959961  +2.989e-06
   219  +1.4831761163     24300  +1.4831542969  -2.182e-05
   220  +1.4854488474     24338  +1.4854736328  +2.479e-05
   221  +1.4877112947     24375  +1.4877319336  +2.064e-05
   222  +1.4899635508     24412  +1.4899902344  +2.668e-05
   223  +1.4922057070     24448  +1.4921875000  -1.821e-05
   224  +1.4944378536     24485  +1.4944458008  +7.947e-06
   225  +1.4966600795     24521  +1.4966430664  -1.701e-05
   226  +1.4988724725     24558  +1.4989013672  +2.889e-05
   227  +1.5010751192     24594  +1.5010986328  +2.351e-05
   228  +1.5032681052     24630  +1.5032958984  +2.779e-05
   229  +1.5054515148     24665  +1.5054321289  -1.939e-05
   230  +1.5076254312     24701  +1.5076293945  +3.963e-06
   231  +1.5097899368     24736  +1.5097656250  -2.431e-05
   232  +1.5119451125     24772  +1.5119628906  +1.778e-05
   233  +1.5140910386     24807  +1.5140991211  +8.083e-06
   234  +1.5162277939     24842  +1.5162353516  +7.558e-06
   235  +1.5183554567     24877  +1.5183715820  +1.613e-05
   236  +1.5204741040     24911  +1.5204467773  -2.733e-05
   237  +1.5225838117     24946  +1.5225830078  -8.039e-07
   238  +1.5246846552     24980  +1.5246582031  -2.645e-05
   239  +1.5267767084     25015  +1.5267944336  +1.773e-05
   240  +1.5288600448     25049  +1.5288696289  +9.584e-06
   241  +1.5309347365     25083  +1.5309448242  +1.009e-05
   242  +1.5330008552     25117  +1.5330200195  +1.916e-05
   243  +1.5350584713     25150  +1.5350341797  -2.429e-05
   244  +1.5371076545     25184  +1.5371093750  +1.721e-06
   245  +1.5391484736     25217  +1.5391235352  -2.494e-05
   246  +1.5411809967     25251  +1.5411987305  +1.773e-05
   247  +1.5432052910     25284  +1.5432128906  +7.600e-06
   248  +1.5452214228     25317  +1.5452270508  +5.628e-06
   249  +1.5472294576     25350  +1.5472412109  +1.175e-05
   250  +1.5492294603     25383  +1.5492553711  +2.591e-05
   251  +1.5512214948     25415  +1.5512084961  -1.300e-05
   252  +1.5532056244     25448  +1.5532226562  +1.703e-05
   253  +1.5551819115     25480  +1.5551757812  -6.130e-06
   254  +1.5571504180     25512  +1.5571289062  -2.151e-05
   255  +1.5591112048     25544  +1.5590820312  -2.917e-05
