% sqrt_mant_lut : 1024 entries
% Format: unsigned Q1.14 (15-bit), scale = 2^14 = 16384, resolution = 6.103516e-05
% Quantisation error: max |e| = 3.049713e-05, RMS = 1.715772e-05
% entries = 1024
% expr = sqrt(m), m in [1,4) uniform
% usage = sqrt(v) = sqrt_mant[mantissa] * 2^(exp/2), exponent forced even
% Columns: addr  exact_value  code(dec)  requantized  error
     0  +1.0000000000     16384  +1.0000000000  +0.000e+00
     1  +1.0014637724     16408  +1.0014648438  +1.071e-06
     2  +1.0029254085     16432  +1.0029296875  +4.279e-06
     3  +1.0043849175     16456  +1.0043945312  +9.614e-06
     4  +1.0058423087     16480  +1.0058593750  +1.707e-05
     5  +1.0072975913     16504  +1.0073242188  +2.663e-05
     6  +1.0087507745     16527  +1.0087280273  -2.275e-05
     7  +1.0102018672     16551  +1.0101928711  -8.996e-06
     8  +1.0116508785     16575  +1.0116577148  +6.836e-06
     9  +1.0130978173     16599  +1.0131225586  +2.474e-05
    10  +1.0145426925     16622  +1.0145263672  -1.633e-05
    11  +1.0159855129     16646  +1.0159912109  +5.698e-06
    12  +1.0174262873     16670  +1.0174560547  +2.977e-05
    13  +1.0188650242     16693  +1.0188598633  -5.161e-06
    14  +1.0203017323     16717  +1.0203247070  +2.297e-05
    15  +1.0217364203     16740  +1.0217285156  -7.905e-06
    16  +1.0231690965     16764  +1.0231933594  +2.426e-05
    17  +1.0245997694     16787  +1.0245971680  -2.601e-06
    18  +1.0260284475     16810  +1.0260009766  -2.747e-05
    19  +1.0274551389     16834  +1.0274658203  +1.068e-05
    20  +1.0288798521     16857  +1.0288696289  -1.022e-05
    21  +1.0303025951     16880  +1.0302734375  -2.916e-05
    22  +1.0317233762     16904  +1.0317382812  +1.491e-05
    23  +1.0331422034     16927  +1.0331420898  -1.136e-07
    24  +1.0345590848     16950  +1.0345458984  -1.319e-05
    25  +1.0359740284     16973  +1.0359497070  -2.432e-05
    26  +1.0373870420     16997  +1.0374145508  +2.751e-05
    27  +1.0387981337     17020  +1.0388183594  +2.023e-05
    28  +1.0402073111     17043  +1.0402221680  +1.486e-05
    29  +1.0416145820     17066  +1.0416259766  +1.139e-05
    30  +1.0430199543     17089  +1.0430297852  +9.831e-06
    31  +1.0444234354     17112  +1.0444335938  +1.016e-05
    32  +1.0458250332     17135  +1.0458374023  +1.237e-05
    33  +1.0472247550     17158  +1.0472412109  +1.646e-05
    34  +1.0486226085     17181  +1.0486450195  +2.241e-05
    35  +1.0500186010     17204  +1.0500488281  +3.023e-05
    36  +1.0514127401     17226  +1.0513916016  -2.114e-05
    37  +1.0528050330     17249  +1.0527954102  -9.623e-06
    38  +1.0541954871     17272  +1.0541992188  +3.732e-06
    39  +1.0555841096     17295  +1.0556030273  +1.892e-05
    40  +1.0569709078     17317  +1.0569458008  -2.511e-05
    41  +1.0583558889     17340  +1.0583496094  -6.279e-06
    42  +1.0597390599     17363  +1.0597534180  +1.436e-05
    43  +1.0611204279     17385  +1.0610961914  -2.424e-05
    44  +1.0625000000     17408  +1.0625000000  +0.000e+00
    45  +1.0638777832     17431  +1.0639038086  +2.603e-05
    46  +1.0652537843     17453  +1.0652465820  -7.202e-06
    47  +1.0666280104     17476  +1.0666503906  +2.238e-05
    48  +1.0680004682     17498  +1.0679931641  -7.304e-06
    49  +1.0693711645     17521  +1.0693969727  +2.581e-05
    50  +1.0707401062     17543  +1.0707397461  -3.601e-07
    51  +1.0721072999     17565  +1.0720825195  -2.478e-05
    52  +1.0734727523     17588  +1.0734863281  +1.358e-05
    53  +1.0748364701     17610  +1.0748291016  -7.369e-06
    54  +1.0761984599     17632  +1.0761718750  -2.658e-05
    55  +1.0775587281     17655  +1.0775756836  +1.696e-05
    56  +1.0789172814     17677  +1.0789184570  +1.176e-06
    57  +1.0802741261     17699  +1.0802612305  -1.290e-05
    58  +1.0816292687     17721  +1.0816040039  -2.526e-05
    59  +1.0829827157     17744  +1.0830078125  +2.510e-05
    60  +1.0843344733     17766  +1.0843505859  +1.611e-05
    61  +1.0856845479     17788  +1.0856933594  +8.811e-06
    62  +1.0870329457     17810  +1.0870361328  +3.187e-06
    63  +1.0883796730     17832  +1.0883789062  -7.667e-07
    64  +1.0897247359     17854  +1.0897216797  -3.056e-06
    65  +1.0910681406     17876  +1.0910644531  -3.688e-06
    66  +1.0924098933     17898  +1.0924072266  -2.667e-06
    67  +1.0937500000     17920  +1.0937500000  +0.000e+00
    68  +1.0950884667     17942  +1.0950927734  +4.307e-06
    69  +1.0964252996     17964  +1.0964355469  +1.025e-05
    70  +1.0977605044     17986  +1.0977783203  +1.782e-05
    71  +1.0990940872     18008  +1.0991210938  +2.701e-05
    72  +1.1004260539     18029  +1.1004028320  -2.322e-05
    73  +1.1017564102     18051  +1.1017456055  -1.080e-05
    74  +1.1030851622     18073  +1.1030883789  +3.217e-06
    75  +1.1044123154     18095  +1.1044311523  +1.884e-05
    76  +1.1057378758     18116  +1.1057128906  -2.499e-05
    77  +1.1070618490     18138  +1.1070556641  -6.185e-06
    78  +1.1083842407     18160  +1.1083984375  +1.420e-05
    79  +1.1097050565     18181  +1.1096801758  -2.488e-05
    80  +1.1110243022     18203  +1.1110229492  -1.353e-06
    81  +1.1123419832     18225  +1.1123657227  +2.374e-05
    82  +1.1136581051     18246  +1.1136474609  -1.064e-05
    83  +1.1149726734     18268  +1.1149902344  +1.756e-05
    84  +1.1162856937     18289  +1.1162719727  -1.372e-05
    85  +1.1175971714     18311  +1.1176147461  +1.757e-05
    86  +1.1189071119     18332  +1.1188964844  -1.063e-05
    87  +1.1202155206     18354  +1.1202392578  +2.374e-05
    88  +1.1215224028     18375  +1.1215209961  -1.407e-06
    89  +1.1228277640     18396  +1.1228027344  -2.503e-05
    90  +1.1241316093     18418  +1.1241455078  +1.390e-05
    91  +1.1254339441     18439  +1.1254272461  -6.698e-06
    92  +1.1267347736     18460  +1.1267089844  -2.579e-05
    93  +1.1280341030     18482  +1.1280517578  +1.765e-05
    94  +1.1293319375     18503  +1.1293334961  +1.559e-06
    95  +1.1306282822     18524  +1.1306152344  -1.305e-05
    96  +1.1319231423     18545  +1.1318969727  -2.617e-05
    97  +1.1332165228     18567  +1.1332397461  +2.322e-05
    98  +1.1345084288     18588  +1.1345214844  +1.306e-05
    99  +1.1357988653     18609  +1.1358032227  +4.357e-06
   100  +1.1370878374     18630  +1.1370849609  -2.876e-06
   101  +1.1383753500     18651  +1.1383666992  -8.651e-06
   102  +1.1396614081     18672  +1.1396484375  -1.297e-05
   103  +1.1409460165     18693  +1.1409301758  -1.584e-05
   104  +1.1422291802     18714  +1.1422119141  -1.727e-05
   105  +1.1435109040     18735  +1.1434936523  -1.725e-05
   106  +1.1447911928     18756  +1.1447753906  -1.580e-05
   107  +1.1460700513     18777  +1.1460571289  -1.292e-05
   108  +1.1473474844     18798  +1.1473388672  -8.617e-06
   109  +1.1486234968     18819  +1.1486206055  -2.891e-06
   110  +1.1498980933     18840  +1.1499023438  +4.250e-06
   111  +1.1511712785     18861  +1.1511840820  +1.280e-05
   112  +1.1524430572     18882  +1.1524658203  +2.276e-05
   113  +1.1537134339     18902  +1.1536865234  -2.691e-05
   114  +1.1549824133     18923  +1.1549682617  -1.415e-05
   115  +1.1562500000     18944  +1.1562500000  +0.000e+00
   116  +1.1575161986     18965  +1.1575317383  +1.554e-05
   117  +1.1587810136     18985  +1.1587524414  -2.857e-05
   118  +1.1600444496     19006  +1.1600341797  -1.027e-05
   119  +1.1613065110     19027  +1.1613159180  +9.407e-06
   120  +1.1625672024     19048  +1.1625976562  +3.045e-05
   121  +1.1638265281     19068  +1.1638183594  -8.169e-06
   122  +1.1650844926     19089  +1.1651000977  +1.561e-05
   123  +1.1663411004     19109  +1.1663208008  -2.030e-05
   124  +1.1675963558     19130  +1.1676025391  +6.183e-06
   125  +1.1688502631     19150  +1.1688232422  -2.702e-05
   126  +1.1701028267     19171  +1.1701049805  +2.154e-06
   127  +1.1713540509     19191  +1.1713256836  -2.837e-05
   128  +1.1726039400     19212  +1.1726074219  +3.482e-06
   129  +1.1738524982     19232  +1.1738281250  -2.437e-05
   130  +1.1750997298     19253  +1.1751098633  +1.013e-05
   131  +1.1763456390     19273  +1.1763305664  -1.507e-05
   132  +1.1775902301     19294  +1.1776123047  +2.207e-05
   133  +1.1788335071     19314  +1.1788330078  -4.993e-07
   134  +1.1800754743     19334  +1.1800537109  -2.176e-05
   135  +1.1813161357     19355  +1.1813354492  +1.931e-05
   136  +1.1825554955     19375  +1.1825561523  +6.568e-07
   137  +1.1837935578     19395  +1.1837768555  -1.670e-05
   138  +1.1850303266     19416  +1.1850585938  +2.827e-05
   139  +1.1862658060     19436  +1.1862792969  +1.349e-05
   140  +1.1875000000     19456  +1.1875000000  +0.000e+00
   141  +1.1887329126     19476  +1.1887207031  -1.221e-05
   142  +1.1899645478     19496  +1.1899414062  -2.314e-05
   143  +1.1911949095     19517  +1.1912231445  +2.823e-05
   144  +1.1924240018     19537  +1.1924438477  +1.985e-05
   145  +1.1936518284     19557  +1.1936645508  +1.272e-05
   146  +1.1948783934     19577  +1.1948852539  +6.861e-06
   147  +1.1961037006     19597  +1.1961059570  +2.256e-06
   148  +1.1973277538     19617  +1.1973266602  -1.094e-06
   149  +1.1985505569     19637  +1.1985473633  -3.194e-06
   150  +1.1997721138     19657  +1.1997680664  -4.047e-06
   151  +1.2009924282     19677  +1.2009887695  -3.659e-06
   152  +1.2022115039     19697  +1.2022094727  -2.031e-06
   153  +1.2034293446     19717  +1.2034301758  +8.312e-07
   154  +1.2046459542     19737  +1.2046508789  +4.925e-06
   155  +1.2058613363     19757  +1.2058715820  +1.025e-05
   156  +1.2070754947     19777  +1.2070922852  +1.679e-05
   157  +1.2082884331     19797  +1.2083129883  +2.456e-05
   158  +1.2095001550     19816  +1.2094726562  -2.750e-05
   159  +1.2107106642     19836  +1.2106933594  -1.730e-05
   160  +1.2119199644     19856  +1.2119140625  -5.902e-06
   161  +1.2131280590     19876  +1.2131347656  +6.707e-06
   162  +1.2143349517     19896  +1.2143554688  +2.052e-05
   163  +1.2155406462     19915  +1.2155151367  -2.551e-05
   164  +1.2167451459     19935  +1.2167358398  -9.306e-06
   165  +1.2179484544     19955  +1.2179565430  +8.089e-06
   166  +1.2191505752     19975  +1.2191772461  +2.667e-05
   167  +1.2203515119     19994  +1.2203369141  -1.460e-05
   168  +1.2215512679     20014  +1.2215576172  +6.349e-06
   169  +1.2227498467     20034  +1.2227783203  +2.847e-05
   170  +1.2239472517     20053  +1.2239379883  -9.263e-06
   171  +1.2251434865     20073  +1.2251586914  +1.520e-05
   172  +1.2263385544     20092  +1.2263183594  -2.020e-05
   173  +1.2275324588     20112  +1.2275390625  +6.604e-06
   174  +1.2287252032     20131  +1.2286987305  -2.647e-05
   175  +1.2299167909     20151  +1.2299194336  +2.643e-06
   176  +1.2311072252     20170  +1.2310791016  -2.812e-05
   177  +1.2322965096     20190  +1.2322998047  +3.295e-06
   178  +1.2334846472     20209  +1.2334594727  -2.517e-05
   179  +1.2346716416     20229  +1.2346801758  +8.534e-06
   180  +1.2358574958     20248  +1.2358398438  -1.765e-05
   181  +1.2370422133     20268  +1.2370605469  +1.833e-05
   182  +1.2382257973     20287  +1.2382202148  -5.582e-06
   183  +1.2394082509     20306  +1.2393798828  -2.837e-05
   184  +1.2405895776     20326  +1.2406005859  +1.101e-05
   185  +1.2417697804     20345  +1.2417602539  -9.526e-06
   186  +1.2429488626     20364  +1.2429199219  -2.894e-05
   187  +1.2441268273     20384  +1.2441406250  +1.380e-05
   188  +1.2453036778     20403  +1.2453002930  -3.385e-06
   189  +1.2464794172     20422  +1.2464599609  -1.946e-05
   190  +1.2476540486     20442  +1.2476806641  +2.662e-05
   191  +1.2488275752     20461  +1.2488403320  +1.276e-05
   192  +1.2500000000     20480  +1.2500000000  +0.000e+00
   193  +1.2511713262     20499  +1.2511596680  -1.166e-05
   194  +1.2523415568     20518  +1.2523193359  -2.222e-05
   195  +1.2535106950     20538  +1.2535400391  +2.934e-05
   196  +1.2546787437     20557  +1.2546997070  +2.096e-05
   197  +1.2558457061     20576  +1.2558593750  +1.367e-05
   198  +1.2570115851     20595  +1.2570190430  +7.458e-06
   199  +1.2581763837     20614  +1.2581787109  +2.327e-06
   200  +1.2593401050     20633  +1.2593383789  -1.726e-06
   201  +1.2605027519     20652  +1.2604980469  -4.705e-06
   202  +1.2616643274     20671  +1.2616577148  -6.613e-06
   203  +1.2628248344     20690  +1.2628173828  -7.452e-06
   204  +1.2639842760     20709  +1.2639770508  -7.225e-06
   205  +1.2651426550     20728  +1.2651367188  -5.936e-06
   206  +1.2662999743     20747  +1.2662963867  -3.588e-06
   207  +1.2674562369     20766  +1.2674560547  -1.822e-07
   208  +1.2686114456     20785  +1.2686157227  +4.277e-06
   209  +1.2697656034     20804  +1.2697753906  +9.787e-06
   210  +1.2709187130     20823  +1.2709350586  +1.635e-05
   211  +1.2720707773     20842  +1.2720947266  +2.395e-05
   212  +1.2732217992     20860  +1.2731933594  -2.844e-05
   213  +1.2743717815     20879  +1.2743530273  -1.875e-05
   214  +1.2755207270     20898  +1.2755126953  -8.032e-06
   215  +1.2766686385     20917  +1.2766723633  +3.725e-06
   216  +1.2778155188     20936  +1.2778320312  +1.651e-05
   217  +1.2789613706     20955  +1.2789916992  +3.033e-05
   218  +1.2801061968     20973  +1.2800903320  -1.586e-05
   219  +1.2812500000     20992  +1.2812500000  +0.000e+00
   220  +1.2823927830     21011  +1.2824096680  +1.688e-05
   221  +1.2835345486     21029  +1.2835083008  -2.625e-05
   222  +1.2846752994     21048  +1.2846679688  -7.331e-06
   223  +1.2858150382     21067  +1.2858276367  +1.260e-05
   224  +1.2869537676     21085  +1.2869262695  -2.750e-05
   225  +1.2880914903     21104  +1.2880859375  -5.553e-06
   226  +1.2892282090     21123  +1.2892456055  +1.740e-05
   227  +1.2903639264     21141  +1.2903442383  -1.969e-05
   228  +1.2914986450     21160  +1.2915039062  +5.261e-06
   229  +1.2926323675     21178  +1.2926025391  -2.983e-05
   230  +1.2937650965     21197  +1.2937622070  -2.889e-06
   231  +1.2948968347     21216  +1.2949218750  +2.504e-05
   232  +1.2960275846     21234  +1.2960205078  -7.077e-06
   233  +1.2971573488     21253  +1.2971801758  +2.283e-05
   234  +1.2982861299     21271  +1.2982788086  -7.321e-06
   235  +1.2994139304     21290  +1.2994384766  +2.455e-05
   236  +1.3005407529     21308  +1.3005371094  -3.644e-06
   237  +1.3016666000     21327  +1.3016967773  +3.018e-05
   238  +1.3027914741     21345  +1.3027954102  +3.936e-06
   239  +1.3039153778     21363  +1.3038940430  -2.133e-05
   240  +1.3050383136     21382  +1.3050537109  +1.540e-05
   241  +1.3061602840     21400  +1.3061523438  -7.940e-06
   242  +1.3072812915     21418  +1.3072509766  -3.031e-05
   243  +1.3084013385     21437  +1.3084106445  +9.306e-06
   244  +1.3095204275     21455  +1.3095092773  -1.115e-05
   245  +1.3106385610     21474  +1.3106689453  +3.038e-05
   246  +1.3117557414     21492  +1.3117675781  +1.184e-05
   247  +1.3128719711     21510  +1.3128662109  -5.760e-06
   248  +1.3139872526     21528  +1.3139648438  -2.241e-05
   249  +1.3151015883     21547  +1.3151245117  +2.292e-05
   250  +1.3162149805     21565  +1.3162231445  +8.164e-06
   251  +1.3173274318     21583  +1.3173217773  -5.654e-06
   252  +1.3184389444     21601  +1.3184204102  -1.853e-05
   253  +1.3195495207     21619  +1.3195190430  -3.048e-05
   254  +1.3206591631     21638  +1.3206787109  +1.955e-05
   255  +1.3217678739     21656  +1.3217773438  +9.470e-06
   256  +1.3228756555     21674  +1.3228759766  +3.210e-07
   257  +1.3239825103     21692  +1.3239746094  -7.901e-06
   258  +1.3250884404     21710  +1.3250732422  -1.520e-05
   259  +1.3261934484     21728  +1.3261718750  -2.157e-05
   260  +1.3272975363     21746  +1.3272705078  -2.703e-05
   261  +1.3284007067     21765  +1.3284301758  +2.947e-05
   262  +1.3295029616     21783  +1.3295288086  +2.585e-05
   263  +1.3306043035     21801  +1.3306274414  +2.314e-05
   264  +1.3317047345     21819  +1.3317260742  +2.134e-05
   265  +1.3328042570     21837  +1.3328247070  +2.045e-05
   266  +1.3339028732     21855  +1.3339233398  +2.047e-05
   267  +1.3350005852     21873  +1.3350219727  +2.139e-05
   268  +1.3360973954     21891  +1.3361206055  +2.321e-05
   269  +1.3371933060     21909  +1.3372192383  +2.593e-05
   270  +1.3382883191     21927  +1.3383178711  +2.955e-05
   271  +1.3393824370     21944  +1.3393554688  -2.697e-05
   272  +1.3404756618     21962  +1.3404541016  -2.156e-05
   273  +1.3415679959     21980  +1.3415527344  -1.526e-05
   274  +1.3426594412     21998  +1.3426513672  -8.074e-06
   275  +1.3437500000     22016  +1.3437500000  +0.000e+00
   276  +1.3448396745     22034  +1.3448486328  +8.958e-06
   277  +1.3459284667     22052  +1.3459472656  +1.880e-05
   278  +1.3470163789     22070  +1.3470458984  +2.952e-05
   279  +1.3481034131     22087  +1.3480834961  -1.992e-05
   280  +1.3491895716     22105  +1.3491821289  -7.443e-06
   281  +1.3502748563     22123  +1.3502807617  +5.905e-06
   282  +1.3513592694     22141  +1.3513793945  +2.013e-05
   283  +1.3524428130     22158  +1.3524169922  -2.582e-05
   284  +1.3535254892     22176  +1.3535156250  -9.864e-06
   285  +1.3546073001     22194  +1.3546142578  +6.958e-06
   286  +1.3556882477     22212  +1.3557128906  +2.464e-05
   287  +1.3567683341     22229  +1.3567504883  -1.785e-05
   288  +1.3578475614     22247  +1.3578491211  +1.560e-06
   289  +1.3589259316     22265  +1.3589477539  +2.182e-05
   290  +1.3600034467     22282  +1.3599853516  -1.810e-05
   291  +1.3610801088     22300  +1.3610839844  +3.876e-06
   292  +1.3621559199     22318  +1.3621826172  +2.670e-05
   293  +1.3632308819     22335  +1.3632202148  -1.067e-05
   294  +1.3643049971     22353  +1.3643188477  +1.385e-05
   295  +1.3653782672     22370  +1.3653564453  -2.182e-05
   296  +1.3664506943     22388  +1.3664550781  +4.384e-06
   297  +1.3675222804     22405  +1.3674926758  -2.960e-05
   298  +1.3685930275     22423  +1.3685913086  -1.719e-06
   299  +1.3696629376     22441  +1.3696899414  +2.700e-05
   300  +1.3707320125     22458  +1.3707275391  -4.473e-06
   301  +1.3718002542     22476  +1.3718261719  +2.592e-05
   302  +1.3728676648     22493  +1.3728637695  -3.895e-06
   303  +1.3739342461     22511  +1.3739624023  +2.816e-05
   304  +1.3750000000     22528  +1.3750000000  +0.000e+00
   305  +1.3760649285     22545  +1.3760375977  -2.733e-05
   306  +1.3771290335     22563  +1.3771362305  +7.197e-06
   307  +1.3781923169     22580  +1.3781738281  -1.849e-05
   308  +1.3792547807     22598  +1.3792724609  +1.768e-05
   309  +1.3803164266     22615  +1.3803100586  -6.368e-06
   310  +1.3813772566     22632  +1.3813476562  -2.960e-05
   311  +1.3824372725     22650  +1.3824462891  +9.017e-06
   312  +1.3834964763     22667  +1.3834838867  -1.259e-05
   313  +1.3845548698     22685  +1.3845825195  +2.765e-05
   314  +1.3856124548     22702  +1.3856201172  +7.662e-06
   315  +1.3866692333     22719  +1.3866577148  -1.152e-05
   316  +1.3877252069     22736  +1.3876953125  -2.989e-05
   317  +1.3887803777     22754  +1.3887939453  +1.357e-05
   318  +1.3898347474     22771  +1.3898315430  -3.204e-06
   319  +1.3908883178     22788  +1.3908691406  -1.918e-05
   320  +1.3919410907     22806  +1.3919677734  +2.668e-05
   321  +1.3929930680     22823  +1.3930053711  +1.230e-05
   322  +1.3940442514     22840  +1.3940429688  -1.283e-06
   323  +1.3950946428     22857  +1.3950805664  -1.408e-05
   324  +1.3961442440     22874  +1.3961181641  -2.608e-05
   325  +1.3971930566     22892  +1.3972167969  +2.374e-05
   326  +1.3982410826     22909  +1.3982543945  +1.331e-05
   327  +1.3992883236     22926  +1.3992919922  +3.669e-06
   328  +1.4003347814     22943  +1.4003295898  -5.192e-06
   329  +1.4013804578     22960  +1.4013671875  -1.327e-05
   330  +1.4024253545     22977  +1.4024047852  -2.057e-05
   331  +1.4034694733     22994  +1.4034423828  -2.709e-05
   332  +1.4045128159     23012  +1.4045410156  +2.820e-05
   333  +1.4055553840     23029  +1.4055786133  +2.323e-05
   334  +1.4065971794     23046  +1.4066162109  +1.903e-05
   335  +1.4076382037     23063  +1.4076538086  +1.560e-05
   336  +1.4086784587     23080  +1.4086914062  +1.295e-05
   337  +1.4097179461     23097  +1.4097290039  +1.106e-05
   338  +1.4107566675     23114  +1.4107666016  +9.934e-06
   339  +1.4117946248     23131  +1.4118041992  +9.574e-06
   340  +1.4128318194     23148  +1.4128417969  +9.977e-06
   341  +1.4138682532     23165  +1.4138793945  +1.114e-05
   342  +1.4149039278     23182  +1.4149169922  +1.306e-05
   343  +1.4159388449     23199  +1.4159545898  +1.574e-05
   344  +1.4169730061     23216  +1.4169921875  +1.918e-05
   345  +1.4180064131     23233  +1.4180297852  +2.337e-05
   346  +1.4190390675     23250  +1.4190673828  +2.832e-05
   347  +1.4200709709     23266  +1.4200439453  -2.703e-05
   348  +1.4211021251     23283  +1.4210815430  -2.058e-05
   349  +1.4221325316     23300  +1.4221191406  -1.339e-05
   350  +1.4231621921     23317  +1.4231567383  -5.454e-06
   351  +1.4241911081     23334  +1.4241943359  +3.228e-06
   352  +1.4252192814     23351  +1.4252319336  +1.265e-05
   353  +1.4262467134     23368  +1.4262695312  +2.282e-05
   354  +1.4272734058     23384  +1.4272460938  -2.731e-05
   355  +1.4282993603     23401  +1.4282836914  -1.567e-05
   356  +1.4293245783     23418  +1.4293212891  -3.289e-06
   357  +1.4303490614     23435  +1.4303588867  +9.825e-06
   358  +1.4313728113     23452  +1.4313964844  +2.367e-05
   359  +1.4323958295     23468  +1.4323730469  -2.278e-05
   360  +1.4334181176     23485  +1.4334106445  -7.473e-06
   361  +1.4344396772     23502  +1.4344482422  +8.565e-06
   362  +1.4354605097     23519  +1.4354858398  +2.533e-05
   363  +1.4364806168     23535  +1.4364624023  -1.821e-05
   364  +1.4375000000     23552  +1.4375000000  +0.000e+00
   365  +1.4385186608     23569  +1.4385375977  +1.894e-05
   366  +1.4395366008     23585  +1.4395141602  -2.244e-05
   367  +1.4405538215     23602  +1.4405517578  -2.064e-06
   368  +1.4415703243     23619  +1.4415893555  +1.903e-05
   369  +1.4425861109     23635  +1.4425659180  -2.019e-05
   370  +1.4436011828     23652  +1.4436035156  +2.333e-06
   371  +1.4446155414     23669  +1.4446411133  +2.557e-05
   372  +1.4456291883     23685  +1.4456176758  -1.151e-05
   373  +1.4466421249     23702  +1.4466552734  +1.315e-05
   374  +1.4476543527     23718  +1.4476318359  -2.252e-05
   375  +1.4486658733     23735  +1.4486694336  +3.560e-06
   376  +1.4496766881     23752  +1.4497070312  +3.034e-05
   377  +1.4506867986     23768  +1.4506835938  -3.205e-06
   378  +1.4516962062     23785  +1.4517211914  +2.499e-05
   379  +1.4527049124     23801  +1.4526977539  -7.158e-06
   380  +1.4537129187     23818  +1.4537353516  +2.243e-05
   381  +1.4547202265     23834  +1.4547119141  -8.312e-06
   382  +1.4557268374     23851  +1.4557495117  +2.267e-05
   383  +1.4567327526     23867  +1.4567260742  -6.678e-06
   384  +1.4577379737     23884  +1.4577636719  +2.570e-05
   385  +1.4587425021     23900  +1.4587402344  -2.268e-06
   386  +1.4597463393     23916  +1.4597167969  -2.954e-05
   387  +1.4607494866     23933  +1.4607543945  +4.908e-06
   388  +1.4617519454     23949  +1.4617309570  -2.099e-05
   389  +1.4627537173     23966  +1.4627685547  +1.484e-05
   390  +1.4637548036     23982  +1.4637451172  -9.686e-06
   391  +1.4647552057     23999  +1.4647827148  +2.751e-05
   392  +1.4657549249     24015  +1.4657592773  +4.352e-06
   393  +1.4667539628     24031  +1.4667358398  -1.812e-05
   394  +1.4677523207     24048  +1.4677734375  +2.112e-05
   395  +1.4687500000     24064  +1.4687500000  +0.000e+00
   396  +1.4697470020     24080  +1.4697265625  -2.044e-05
   397  +1.4707433282     24097  +1.4707641602  +2.083e-05
   398  +1.4717389799     24113  +1.4717407227  +1.743e-06
   399  +1.4727339585     24129  +1.4727172852  -1.667e-05
   400  +1.4737282653     24146  +1.4737548828  +2.662e-05
   401  +1.4747219017     24162  +1.4747314453  +9.544e-06
   402  +1.4757148691     24178  +1.4757080078  -6.861e-06
   403  +1.4767071688     24194  +1.4766845703  -2.260e-05
   404  +1.4776988022     24211  +1.4777221680  +2.337e-05
   405  +1.4786897705     24227  +1.4786987305  +8.960e-06
   406  +1.4796800752     24243  +1.4796752930  -4.782e-06
   407  +1.4806697176     24259  +1.4806518555  -1.786e-05
   408  +1.4816586989     24275  +1.4816284180  -3.028e-05
   409  +1.4826470205     24292  +1.4826660156  +1.900e-05
   410  +1.4836346838     24308  +1.4836425781  +7.894e-06
   411  +1.4846216900     24324  +1.4846191406  -2.549e-06
   412  +1.4856080405     24340  +1.4855957031  -1.234e-05
   413  +1.4865937365     24356  +1.4865722656  -2.147e-05
   414  +1.4875787794     24372  +1.4875488281  -2.995e-05
   415  +1.4885631705     24389  +1.4885864258  +2.326e-05
   416  +1.4895469110     24405  +1.4895629883  +1.608e-05
   417  +1.4905300022     24421  +1.4905395508  +9.549e-06
   418  +1.4915124455     24437  +1.4915161133  +3.668e-06
   419  +1.4924942420     24453  +1.4924926758  -1.566e-06
   420  +1.4934753932     24469  +1.4934692383  -6.155e-06
   421  +1.4944559002     24485  +1.4944458008  -1.010e-05
   422  +1.4954357643     24501  +1.4954223633  -1.340e-05
   423  +1.4964149867     24517  +1.4963989258  -1.606e-05
   424  +1.4973935688     24533  +1.4973754883  -1.808e-05
   425  +1.4983715118     24549  +1.4983520508  -1.946e-05
   426  +1.4993488170     24565  +1.4993286133  -2.020e-05
   427  +1.5003254855     24581  +1.5003051758  -2.031e-05
   428  +1.5013015187     24597  +1.5012817383  -1.978e-05
   429  +1.5022769177     24613  +1.5022583008  -1.862e-05
   430  +1.5032516839     24629  +1.5032348633  -1.682e-05
   431  +1.5042258183     24645  +1.5042114258  -1.439e-05
   432  +1.5051993223     24661  +1.5051879883  -1.133e-05
   433  +1.5061721972     24677  +1.5061645508  -7.646e-06
   434  +1.5071444440     24693  +1.5071411133  -3.331e-06
   435  +1.5081160640     24709  +1.5081176758  +1.612e-06
   436  +1.5090870585     24725  +1.5090942383  +7.180e-06
   437  +1.5100574285     24741  +1.5100708008  +1.337e-05
   438  +1.5110271755     24757  +1.5110473633  +2.019e-05
   439  +1.5119963004     24773  +1.5120239258  +2.763e-05
   440  +1.5129648046     24788  +1.5129394531  -2.535e-05
   441  +1.5139326892     24804  +1.5139160156  -1.667e-05
   442  +1.5148999554     24820  +1.5148925781  -7.377e-06
   443  +1.5158666045     24836  +1.5158691406  +2.536e-06
   444  +1.5168326374     24852  +1.5168457031  +1.307e-05
   445  +1.5177980556     24868  +1.5178222656  +2.421e-05
   446  +1.5187628600     24883  +1.5187377930  -2.507e-05
   447  +1.5197270520     24899  +1.5197143555  -1.270e-05
   448  +1.5206906326     24915  +1.5206909180  +2.854e-07
   449  +1.5216536030     24931  +1.5216674805  +1.388e-05
   450  +1.5226159644     24947  +1.5226440430  +2.808e-05
   451  +1.5235777179     24962  +1.5235595703  -1.815e-05
   452  +1.5245388647     24978  +1.5245361328  -2.732e-06
   453  +1.5254994059     24994  +1.5255126953  +1.329e-05
   454  +1.5264593427     25010  +1.5264892578  +2.992e-05
   455  +1.5274186762     25025  +1.5274047852  -1.389e-05
   456  +1.5283774076     25041  +1.5283813477  +3.940e-06
   457  +1.5293355379     25057  +1.5293579102  +2.237e-05
   458  +1.5302930683     25072  +1.5302734375  -1.963e-05
   459  +1.5312500000     25088  +1.5312500000  +0.000e+00
   460  +1.5322063340     25104  +1.5322265625  +2.023e-05
   461  +1.5331620715     25119  +1.5331420898  -1.998e-05
   462  +1.5341172136     25135  +1.5341186523  +1.439e-06
   463  +1.5350717614     25151  +1.5350952148  +2.345e-05
   464  +1.5360257159     25166  +1.5360107422  -1.497e-05
   465  +1.5369790784     25182  +1.5369873047  +8.226e-06
   466  +1.5379318499     25197  +1.5379028320  -2.902e-05
   467  +1.5388840315     25213  +1.5388793945  -4.637e-06
   468  +1.5398356243     25229  +1.5398559570  +2.033e-05
   469  +1.5407866295     25244  +1.5407714844  -1.515e-05
   470  +1.5417370479     25260  +1.5417480469  +1.100e-05
   471  +1.5426868809     25275  +1.5426635742  -2.331e-05
   472  +1.5436361294     25291  +1.5436401367  +4.007e-06
   473  +1.5445847945     25306  +1.5445556641  -2.913e-05
   474  +1.5455328774     25322  +1.5455322266  -6.508e-07
   475  +1.5464803790     25338  +1.5465087891  +2.841e-05
   476  +1.5474273004     25353  +1.5474243164  -2.984e-06
   477  +1.5483736427     25369  +1.5484008789  +2.724e-05
   478  +1.5493194070     25384  +1.5493164062  -3.001e-06
   479  +1.5502645944     25400  +1.5502929688  +2.837e-05
   480  +1.5512092057     25415  +1.5512084961  -7.097e-07
   481  +1.5521532423     25430  +1.5521240234  -2.922e-05
   482  +1.5530967050     25446  +1.5531005859  +3.881e-06
   483  +1.5540395949     25461  +1.5540161133  -2.348e-05
   484  +1.5549819131     25477  +1.5549926758  +1.076e-05
   485  +1.5559236606     25492  +1.5559082031  -1.546e-05
   486  +1.5568648384     25508  +1.5568847656  +1.993e-05
   487  +1.5578054476     25523  +1.5578002930  -5.155e-06
   488  +1.5587454892     25538  +1.5587158203  -2.967e-05
   489  +1.5596849642     25554  +1.5596923828  +7.419e-06
   490  +1.5606238736     25569  +1.5606079102  -1.596e-05
   491  +1.5615622186     25585  +1.5615844727  +2.225e-05
   492  +1.5625000000     25600  +1.5625000000  +0.000e+00
   493  +1.5634372189     25615  +1.5634155273  -2.169e-05
   494  +1.5643738763     25631  +1.5643920898  +1.821e-05
   495  +1.5653099733     25646  +1.5653076172  -2.356e-06
   496  +1.5662455108     25661  +1.5662231445  -2.237e-05
   497  +1.5671804898     25677  +1.5671997070  +1.922e-05
   498  +1.5681149113     25692  +1.5681152344  +3.231e-07
   499  +1.5690487763     25707  +1.5690307617  -1.801e-05
   500  +1.5699820859     25723  +1.5700073242  +2.524e-05
   501  +1.5709148409     25738  +1.5709228516  +8.011e-06
   502  +1.5718470425     25753  +1.5718383789  -8.664e-06
   503  +1.5727786915     25768  +1.5727539062  -2.479e-05
   504  +1.5737097890     25784  +1.5737304688  +2.068e-05
   505  +1.5746403359     25799  +1.5746459961  +5.660e-06
   506  +1.5755703332     25814  +1.5755615234  -8.810e-06
   507  +1.5764997820     25829  +1.5764770508  -2.273e-05
   508  +1.5774286830     25845  +1.5774536133  +2.493e-05
   509  +1.5783570374     25860  +1.5783691406  +1.210e-05
   510  +1.5792848461     25875  +1.5792846680  -1.781e-07
   511  +1.5802121100     25890  +1.5802001953  -1.191e-05
   512  +1.5811388301     25905  +1.5811157227  -2.311e-05
   513  +1.5820650074     25921  +1.5820922852  +2.728e-05
   514  +1.5829906427     25936  +1.5830078125  +1.717e-05
   515  +1.5839157372     25951  +1.5839233398  +7.603e-06
   516  +1.5848402916     25966  +1.5848388672  -1.424e-06
   517  +1.5857643070     25981  +1.5857543945  -9.913e-06
   518  +1.5866877843     25996  +1.5866699219  -1.786e-05
   519  +1.5876107245     26011  +1.5875854492  -2.528e-05
   520  +1.5885331284     26027  +1.5885620117  +2.888e-05
   521  +1.5894549970     26042  +1.5894775391  +2.254e-05
   522  +1.5903763312     26057  +1.5903930664  +1.674e-05
   523  +1.5912971321     26072  +1.5913085938  +1.146e-05
   524  +1.5922174004     26087  +1.5922241211  +6.721e-06
   525  +1.5931371371     26102  +1.5931396484  +2.511e-06
   526  +1.5940563431     26117  +1.5940551758  -1.167e-06
   527  +1.5949750194     26132  +1.5949707031  -4.316e-06
   528  +1.5958931669     26147  +1.5958862305  -6.936e-06
   529  +1.5968107864     26162  +1.5968017578  -9.029e-06
   530  +1.5977278789     26177  +1.5977172852  -1.059e-05
   531  +1.5986444453     26192  +1.5986328125  -1.163e-05
   532  +1.5995604865     26207  +1.5995483398  -1.215e-05
   533  +1.6004760034     26222  +1.6004638672  -1.214e-05
   534  +1.6013909969     26237  +1.6013793945  -1.160e-05
   535  +1.6023054679     26252  +1.6022949219  -1.055e-05
   536  +1.6032194173     26267  +1.6032104492  -8.968e-06
   537  +1.6041328460     26282  +1.6041259766  -6.869e-06
   538  +1.6050457548     26297  +1.6050415039  -4.251e-06
   539  +1.6059581447     26312  +1.6059570312  -1.113e-06
   540  +1.6068700165     26327  +1.6068725586  +2.542e-06
   541  +1.6077813712     26342  +1.6077880859  +6.715e-06
   542  +1.6086922095     26357  +1.6087036133  +1.140e-05
   543  +1.6096025325     26372  +1.6096191406  +1.661e-05
   544  +1.6105123408     26387  +1.6105346680  +2.233e-05
   545  +1.6114216355     26402  +1.6114501953  +2.856e-05
   546  +1.6123304174     26416  +1.6123046875  -2.573e-05
   547  +1.6132386874     26431  +1.6132202148  -1.847e-05
   548  +1.6141464463     26446  +1.6141357422  -1.070e-05
   549  +1.6150536949     26461  +1.6150512695  -2.425e-06
   550  +1.6159604342     26476  +1.6159667969  +6.363e-06
   551  +1.6168666650     26491  +1.6168823242  +1.566e-05
   552  +1.6177723882     26506  +1.6177978516  +2.546e-05
   553  +1.6186776046     26520  +1.6186523438  -2.526e-05
   554  +1.6195823150     26535  +1.6195678711  -1.444e-05
   555  +1.6204865203     26550  +1.6204833984  -3.122e-06
   556  +1.6213902214     26565  +1.6213989258  +8.704e-06
   557  +1.6222934191     26580  +1.6223144531  +2.103e-05
   558  +1.6231961142     26594  +1.6231689453  -2.717e-05
   559  +1.6240983075     26609  +1.6240844727  -1.383e-05
   560  +1.6250000000     26624  +1.6250000000  +0.000e+00
   561  +1.6259011924     26639  +1.6259155273  +1.433e-05
   562  +1.6268018856     26654  +1.6268310547  +2.917e-05
   563  +1.6277020804     26668  +1.6276855469  -1.653e-05
   564  +1.6286017776     26683  +1.6286010742  -7.034e-07
   565  +1.6295009781     26698  +1.6295166016  +1.562e-05
   566  +1.6303996826     26712  +1.6303710938  -2.859e-05
   567  +1.6312978920     26727  +1.6312866211  -1.127e-05
   568  +1.6321956072     26742  +1.6322021484  +6.541e-06
   569  +1.6330928288     26757  +1.6331176758  +2.485e-05
   570  +1.6339895578     26771  +1.6339721680  -1.739e-05
   571  +1.6348857949     26786  +1.6348876953  +1.900e-06
   572  +1.6357815410     26801  +1.6358032227  +2.168e-05
   573  +1.6366767969     26815  +1.6366577148  -1.908e-05
   574  +1.6375715633     26830  +1.6375732422  +1.679e-06
   575  +1.6384658411     26845  +1.6384887695  +2.293e-05
   576  +1.6393596311     26859  +1.6393432617  -1.637e-05
   577  +1.6402529340     26874  +1.6402587891  +5.855e-06
   578  +1.6411457507     26889  +1.6411743164  +2.857e-05
   579  +1.6420380819     26903  +1.6420288086  -9.273e-06
   580  +1.6429299285     26918  +1.6429443359  +1.441e-05
   581  +1.6438212912     26932  +1.6437988281  -2.246e-05
   582  +1.6447121709     26947  +1.6447143555  +2.185e-06
   583  +1.6456025682     26962  +1.6456298828  +2.731e-05
   584  +1.6464924840     26976  +1.6464843750  -8.109e-06
   585  +1.6473819191     26991  +1.6473999023  +1.798e-05
   586  +1.6482708743     27005  +1.6482543945  -1.648e-05
   587  +1.6491593502     27020  +1.6491699219  +1.057e-05
   588  +1.6500473478     27034  +1.6500244141  -2.293e-05
   589  +1.6509348677     27049  +1.6509399414  +5.074e-06
   590  +1.6518219108     27063  +1.6517944336  -2.748e-05
   591  +1.6527084778     27078  +1.6527099609  +1.483e-06
   592  +1.6535945694     27092  +1.6535644531  -3.012e-05
   593  +1.6544801865     27107  +1.6544799805  -2.060e-07
   594  +1.6553653298     27122  +1.6553955078  +3.018e-05
   595  +1.6562500000     27136  +1.6562500000  +0.000e+00
   596  +1.6571341979     27150  +1.6571044922  -2.971e-05
   597  +1.6580179244     27165  +1.6580200195  +2.095e-06
   598  +1.6589011800     27179  +1.6588745117  -2.667e-05
   599  +1.6597839656     27194  +1.6597900391  +6.073e-06
   600  +1.6606662819     27208  +1.6606445312  -2.175e-05
   601  +1.6615481298     27223  +1.6615600586  +1.193e-05
   602  +1.6624295098     27237  +1.6624145508  -1.496e-05
   603  +1.6633104228     27252  +1.6633300781  +1.966e-05
   604  +1.6641908695     27266  +1.6641845703  -6.299e-06
   605  +1.6650708506     27281  +1.6651000977  +2.925e-05
   606  +1.6659503669     27295  +1.6659545898  +4.223e-06
   607  +1.6668294191     27309  +1.6668090820  -2.034e-05
   608  +1.6677080080     27324  +1.6677246094  +1.660e-05
   609  +1.6685861343     27338  +1.6685791016  -7.033e-06
   610  +1.6694637986     27352  +1.6694335938  -3.020e-05
   611  +1.6703410019     27367  +1.6703491211  +8.119e-06
   612  +1.6712177446     27381  +1.6712036133  -1.413e-05
   613  +1.6720940277     27396  +1.6721191406  +2.511e-05
   614  +1.6729698518     27410  +1.6729736328  +3.781e-06
   615  +1.6738452176     27424  +1.6738281250  -1.709e-05
   616  +1.6747201259     27439  +1.6747436523  +2.353e-05
   617  +1.6755945773     27453  +1.6755981445  +3.567e-06
   618  +1.6764685726     27467  +1.6764526367  -1.594e-05
   619  +1.6773421125     27482  +1.6773681641  +2.605e-05
   620  +1.6782151978     27496  +1.6782226562  +7.458e-06
   621  +1.6790878290     27510  +1.6790771484  -1.068e-05
   622  +1.6799600070     27524  +1.6799316406  -2.837e-05
   623  +1.6808317324     27539  +1.6808471680  +1.544e-05
   624  +1.6817030059     27553  +1.6817016602  -1.346e-06
   625  +1.6825738282     27567  +1.6825561523  -1.768e-05
   626  +1.6834442001     27582  +1.6834716797  +2.748e-05
   627  +1.6843141223     27596  +1.6843261719  +1.205e-05
   628  +1.6851835953     27610  +1.6851806641  -2.931e-06
   629  +1.6860526200     27624  +1.6860351562  -1.746e-05
   630  +1.6869211970     27639  +1.6869506836  +2.949e-05
   631  +1.6877893270     27653  +1.6878051758  +1.585e-05
   632  +1.6886570108     27667  +1.6886596680  +2.657e-06
   633  +1.6895242489     27681  +1.6895141602  -1.009e-05
   634  +1.6903910420     27695  +1.6903686523  -2.239e-05
   635  +1.6912573910     27710  +1.6912841797  +2.679e-05
   636  +1.6921232963     27724  +1.6921386719  +1.538e-05
   637  +1.6929887588     27738  +1.6929931641  +4.405e-06
   638  +1.6938537791     27752  +1.6938476562  -6.123e-06
   639  +1.6947183579     27766  +1.6947021484  -1.621e-05
   640  +1.6955824958     27780  +1.6955566406  -2.586e-05
   641  +1.6964461935     27795  +1.6964721680  +2.597e-05
   642  +1.6973094518     27809  +1.6973266602  +1.721e-05
   643  +1.6981722711     27823  +1.6981811523  +8.881e-06
   644  +1.6990346524     27837  +1.6990356445  +9.921e-07
   645  +1.6998965961     27851  +1.6998901367  -6.459e-06
   646  +1.7007581030     27865  +1.7007446289  -1.347e-05
   647  +1.7016191738     27879  +1.7015991211  -2.005e-05
   648  +1.7024798090     27893  +1.7024536133  -2.620e-05
   649  +1.7033400094     27908  +1.7033691406  +2.913e-05
   650  +1.7041997756     27922  +1.7042236328  +2.386e-05
   651  +1.7050591082     27936  +1.7050781250  +1.902e-05
   652  +1.7059180080     27950  +1.7059326172  +1.461e-05
   653  +1.7067764756     27964  +1.7067871094  +1.063e-05
   654  +1.7076345115     27978  +1.7076416016  +7.090e-06
   655  +1.7084921166     27992  +1.7084960938  +3.977e-06
   656  +1.7093492914     28006  +1.7093505859  +1.295e-06
   657  +1.7102060366     28020  +1.7102050781  -9.584e-07
   658  +1.7110623528     28034  +1.7110595703  -2.782e-06
   659  +1.7119182406     28048  +1.7119140625  -4.178e-06
   660  +1.7127737008     28062  +1.7127685547  -5.146e-06
   661  +1.7136287339     28076  +1.7136230469  -5.687e-06
   662  +1.7144833405     28090  +1.7144775391  -5.801e-06
   663  +1.7153375215     28104  +1.7153320312  -5.490e-06
   664  +1.7161912772     28118  +1.7161865234  -4.754e-06
   665  +1.7170446085     28132  +1.7170410156  -3.593e-06
   666  +1.7178975159     28146  +1.7178955078  -2.008e-06
   667  +1.7187500000     28160  +1.7187500000  +0.000e+00
   668  +1.7196020615     28174  +1.7196044922  +2.431e-06
   669  +1.7204537011     28188  +1.7204589844  +5.283e-06
   670  +1.7213049192     28202  +1.7213134766  +8.557e-06
   671  +1.7221557167     28216  +1.7221679688  +1.225e-05
   672  +1.7230060940     28230  +1.7230224609  +1.637e-05
   673  +1.7238560519     28244  +1.7238769531  +2.090e-05
   674  +1.7247055908     28258  +1.7247314453  +2.585e-05
   675  +1.7255547115     28271  +1.7255249023  -2.981e-05
   676  +1.7264034146     28285  +1.7263793945  -2.402e-05
   677  +1.7272517007     28299  +1.7272338867  -1.781e-05
   678  +1.7280995703     28313  +1.7280883789  -1.119e-05
   679  +1.7289470242     28327  +1.7289428711  -4.153e-06
   680  +1.7297940629     28341  +1.7297973633  +3.300e-06
   681  +1.7306406870     28355  +1.7306518555  +1.117e-05
   682  +1.7314868971     28369  +1.7315063477  +1.945e-05
   683  +1.7323326939     28383  +1.7323608398  +2.815e-05
   684  +1.7331780780     28396  +1.7331542969  -2.378e-05
   685  +1.7340230499     28410  +1.7340087891  -1.426e-05
   686  +1.7348676102     28424  +1.7348632812  -4.329e-06
   687  +1.7357117596     28438  +1.7357177734  +6.014e-06
   688  +1.7365554987     28452  +1.7365722656  +1.677e-05
   689  +1.7373988280     28466  +1.7374267578  +2.793e-05
   690  +1.7382417481     28479  +1.7382202148  -2.153e-05
   691  +1.7390842597     28493  +1.7390747070  -9.553e-06
   692  +1.7399263634     28507  +1.7399291992  +2.836e-06
   693  +1.7407680597     28521  +1.7407836914  +1.563e-05
   694  +1.7416093491     28535  +1.7416381836  +2.883e-05
   695  +1.7424502324     28548  +1.7424316406  -1.859e-05
   696  +1.7432907101     28562  +1.7432861328  -4.577e-06
   697  +1.7441307828     28576  +1.7441406250  +9.842e-06
   698  +1.7449704510     28590  +1.7449951172  +2.467e-05
   699  +1.7458097154     28603  +1.7457885742  -2.114e-05
   700  +1.7466485766     28617  +1.7466430664  -5.510e-06
   701  +1.7474870350     28631  +1.7474975586  +1.052e-05
   702  +1.7483250913     28645  +1.7483520508  +2.696e-05
   703  +1.7491627461     28658  +1.7491455078  -1.724e-05
   704  +1.7500000000     28672  +1.7500000000  +0.000e+00
   705  +1.7508368535     28686  +1.7508544922  +1.764e-05
   706  +1.7516733072     28699  +1.7516479492  -2.536e-05
   707  +1.7525093616     28713  +1.7525024414  -6.920e-06
   708  +1.7533450174     28727  +1.7533569336  +1.192e-05
   709  +1.7541802751     28740  +1.7541503906  -2.988e-05
   710  +1.7550151353     28754  +1.7550048828  -1.025e-05
   711  +1.7558495985     28768  +1.7558593750  +9.777e-06
   712  +1.7566836653     28782  +1.7567138672  +3.020e-05
   713  +1.7575173363     28795  +1.7575073242  -1.001e-05
   714  +1.7583506121     28809  +1.7583618164  +1.120e-05
   715  +1.7591834931     28822  +1.7591552734  -2.822e-05
   716  +1.7600159800     28836  +1.7600097656  -6.214e-06
   717  +1.7608480734     28850  +1.7608642578  +1.618e-05
   718  +1.7616797737     28863  +1.7616577148  -2.206e-05
   719  +1.7625110815     28877  +1.7625122070  +1.126e-06
   720  +1.7633419975     28891  +1.7633666992  +2.470e-05
   721  +1.7641725220     28904  +1.7641601562  -1.237e-05
   722  +1.7650026558     28918  +1.7650146484  +1.199e-05
   723  +1.7658323993     28931  +1.7658081055  -2.429e-05
   724  +1.7666617531     28945  +1.7666625977  +8.445e-07
   725  +1.7674907178     28959  +1.7675170898  +2.637e-05
   726  +1.7683192938     28972  +1.7683105469  -8.747e-06
   727  +1.7691474818     28986  +1.7691650391  +1.756e-05
   728  +1.7699752823     28999  +1.7699584961  -1.679e-05
   729  +1.7708026958     29013  +1.7708129883  +1.029e-05
   730  +1.7716297229     29026  +1.7716064453  -2.328e-05
   731  +1.7724563641     29040  +1.7724609375  +4.573e-06
   732  +1.7732826199     29053  +1.7732543945  -2.823e-05
   733  +1.7741084909     29067  +1.7741088867  +3.958e-07
   734  +1.7749339776     29081  +1.7749633789  +2.940e-05
   735  +1.7757590806     29094  +1.7757568359  -2.245e-06
   736  +1.7765838004     29108  +1.7766113281  +2.753e-05
   737  +1.7774081376     29121  +1.7774047852  -3.352e-06
   738  +1.7782320926     29135  +1.7782592773  +2.718e-05
   739  +1.7790556659     29148  +1.7790527344  -2.932e-06
   740  +1.7798788582     29162  +1.7799072266  +2.837e-05
   741  +1.7807016700     29175  +1.7807006836  -9.864e-07
   742  +1.7815241017     29188  +1.7814941406  -2.996e-05
   743  +1.7823461539     29202  +1.7823486328  +2.479e-06
   744  +1.7831678272     29215  +1.7831420898  -2.574e-05
   745  +1.7839891220     29229  +1.7839965820  +7.460e-06
   746  +1.7848100389     29242  +1.7847900391  -2.000e-05
   747  +1.7856305784     29256  +1.7856445312  +1.395e-05
   748  +1.7864507410     29269  +1.7864379883  -1.275e-05
   749  +1.7872705272     29283  +1.7872924805  +2.195e-05
   750  +1.7880899376     29296  +1.7880859375  -4.000e-06
   751  +1.7889089727     29309  +1.7888793945  -2.958e-05
   752  +1.7897276329     29323  +1.7897338867  +6.254e-06
   753  +1.7905459188     29336  +1.7905273438  -1.858e-05
   754  +1.7913638310     29350  +1.7913818359  +1.800e-05
   755  +1.7921813699     29363  +1.7921752930  -6.077e-06
   756  +1.7929985360     29376  +1.7929687500  -2.979e-05
   757  +1.7938153298     29390  +1.7938232422  +7.912e-06
   758  +1.7946317519     29403  +1.7946166992  -1.505e-05
   759  +1.7954478028     29417  +1.7954711914  +2.339e-05
   760  +1.7962634829     29430  +1.7962646484  +1.166e-06
   761  +1.7970787928     29443  +1.7970581055  -2.069e-05
   762  +1.7978937330     29457  +1.7979125977  +1.886e-05
   763  +1.7987083039     29470  +1.7987060547  -2.249e-06
   764  +1.7995225061     29483  +1.7994995117  -2.299e-05
   765  +1.8003363401     29497  +1.8003540039  +1.766e-05
   766  +1.8011498064     29510  +1.8011474609  -2.345e-06
   767  +1.8019629054     29523  +1.8019409180  -2.199e-05
   768  +1.8027756377     29537  +1.8027954102  +1.977e-05
   769  +1.8035880038     29550  +1.8035888672  +8.634e-07
   770  +1.8044000042     29563  +1.8043823242  -1.768e-05
   771  +1.8052116393     29577  +1.8052368164  +2.518e-05
   772  +1.8060229096     29590  +1.8060302734  +7.364e-06
   773  +1.8068338157     29603  +1.8068237305  -1.009e-05
   774  +1.8076443580     29616  +1.8076171875  -2.717e-05
   775  +1.8084545370     29630  +1.8084716797  +1.714e-05
   776  +1.8092643533     29643  +1.8092651367  +7.835e-07
   777  +1.8100738072     29656  +1.8100585938  -1.521e-05
   778  +1.8108828993     29670  +1.8109130859  +3.019e-05
   779  +1.8116916301     29683  +1.8117065430  +1.491e-05
   780  +1.8125000000     29696  +1.8125000000  +0.000e+00
   781  +1.8133080096     29709  +1.8132934570  -1.455e-05
   782  +1.8141156592     29722  +1.8140869141  -2.875e-05
   783  +1.8149229495     29736  +1.8149414062  +1.846e-05
   784  +1.8157298808     29749  +1.8157348633  +4.982e-06
   785  +1.8165364537     29762  +1.8165283203  -8.133e-06
   786  +1.8173426686     29775  +1.8173217773  -2.089e-05
   787  +1.8181485260     29789  +1.8181762695  +2.774e-05
   788  +1.8189540264     29802  +1.8189697266  +1.570e-05
   789  +1.8197591702     29815  +1.8197631836  +4.013e-06
   790  +1.8205639580     29828  +1.8205566406  -7.317e-06
   791  +1.8213683901     29841  +1.8213500977  -1.829e-05
   792  +1.8221724671     29854  +1.8221435547  -2.891e-05
   793  +1.8229761895     29868  +1.8229980469  +2.186e-05
   794  +1.8237795577     29881  +1.8237915039  +1.195e-05
   795  +1.8245825721     29894  +1.8245849609  +2.389e-06
   796  +1.8253852333     29907  +1.8253784180  -6.815e-06
   797  +1.8261875417     29920  +1.8261718750  -1.567e-05
   798  +1.8269894978     29933  +1.8269653320  -2.417e-05
   799  +1.8277911020     29947  +1.8278198242  +2.872e-05
   800  +1.8285923548     29960  +1.8286132812  +2.093e-05
   801  +1.8293932567     29973  +1.8294067383  +1.348e-05
   802  +1.8301938080     29986  +1.8302001953  +6.387e-06
   803  +1.8309940094     29999  +1.8309936523  -3.571e-07
   804  +1.8317938612     30012  +1.8317871094  -6.752e-06
   805  +1.8325933639     30025  +1.8325805664  -1.280e-05
   806  +1.8333925180     30038  +1.8333740234  -1.849e-05
   807  +1.8341913239     30051  +1.8341674805  -2.384e-05
   808  +1.8349897820     30064  +1.8349609375  -2.884e-05
   809  +1.8357878928     30078  +1.8358154297  +2.754e-05
   810  +1.8365856569     30091  +1.8366088867  +2.323e-05
   811  +1.8373830745     30104  +1.8374023438  +1.927e-05
   812  +1.8381801462     30117  +1.8381958008  +1.565e-05
   813  +1.8389768725     30130  +1.8389892578  +1.239e-05
   814  +1.8397732537     30143  +1.8397827148  +9.461e-06
   815  +1.8405692903     30156  +1.8405761719  +6.882e-06
   816  +1.8413649828     30169  +1.8413696289  +4.646e-06
   817  +1.8421603316     30182  +1.8421630859  +2.754e-06
   818  +1.8429553372     30195  +1.8429565430  +1.206e-06
   819  +1.8437500000     30208  +1.8437500000  +0.000e+00
   820  +1.8445443204     30221  +1.8445434570  -8.634e-07
   821  +1.8453382989     30234  +1.8453369141  -1.385e-06
   822  +1.8461319360     30247  +1.8461303711  -1.565e-06
   823  +1.8469252320     30260  +1.8469238281  -1.404e-06
   824  +1.8477181874     30273  +1.8477172852  -9.022e-07
   825  +1.8485108026     30286  +1.8485107422  -6.046e-08
   826  +1.8493030782     30299  +1.8493041992  +1.121e-06
   827  +1.8500950145     30312  +1.8500976562  +2.642e-06
   828  +1.8508866119     30325  +1.8508911133  +4.501e-06
   829  +1.8516778709     30338  +1.8516845703  +6.699e-06
   830  +1.8524687919     30351  +1.8524780273  +9.235e-06
   831  +1.8532593754     30364  +1.8532714844  +1.211e-05
   832  +1.8540496218     30377  +1.8540649414  +1.532e-05
   833  +1.8548395315     30390  +1.8548583984  +1.887e-05
   834  +1.8556291049     30403  +1.8556518555  +2.275e-05
   835  +1.8564183425     30416  +1.8564453125  +2.697e-05
   836  +1.8572072448     30428  +1.8571777344  -2.951e-05
   837  +1.8579958120     30441  +1.8579711914  -2.462e-05
   838  +1.8587840447     30454  +1.8587646484  -1.940e-05
   839  +1.8595719434     30467  +1.8595581055  -1.384e-05
   840  +1.8603595083     30480  +1.8603515625  -7.946e-06
   841  +1.8611467399     30493  +1.8611450195  -1.720e-06
   842  +1.8619336387     30506  +1.8619384766  +4.838e-06
   843  +1.8627202051     30519  +1.8627319336  +1.173e-05
   844  +1.8635064395     30532  +1.8635253906  +1.895e-05
   845  +1.8642923423     30545  +1.8643188477  +2.651e-05
   846  +1.8650779139     30557  +1.8650512695  -2.664e-05
   847  +1.8658631548     30570  +1.8658447266  -1.843e-05
   848  +1.8666480654     30583  +1.8666381836  -9.882e-06
   849  +1.8674326460     30596  +1.8674316406  -1.005e-06
   850  +1.8682168972     30609  +1.8682250977  +8.200e-06
   851  +1.8690008193     30622  +1.8690185547  +1.774e-05
   852  +1.8697844127     30635  +1.8698120117  +2.760e-05
   853  +1.8705676779     30647  +1.8705444336  -2.324e-05
   854  +1.8713506152     30660  +1.8713378906  -1.272e-05
   855  +1.8721332251     30673  +1.8721313477  -1.877e-06
   856  +1.8729155080     30686  +1.8729248047  +9.297e-06
   857  +1.8736974642     30699  +1.8737182617  +2.080e-05
   858  +1.8744790943     30711  +1.8744506836  -2.841e-05
   859  +1.8752603986     30724  +1.8752441406  -1.626e-05
   860  +1.8760413775     30737  +1.8760375977  -3.780e-06
   861  +1.8768220314     30750  +1.8768310547  +9.023e-06
   862  +1.8776023607     30763  +1.8776245117  +2.215e-05
   863  +1.8783823659     30775  +1.8783569336  -2.543e-05
   864  +1.8791620473     30788  +1.8791503906  -1.166e-05
   865  +1.8799414053     30801  +1.8799438477  +2.442e-06
   866  +1.8807204404     30814  +1.8807373047  +1.686e-05
   867  +1.8814991529     30826  +1.8814697266  -2.943e-05
   868  +1.8822775433     30839  +1.8822631836  -1.436e-05
   869  +1.8830556119     30852  +1.8830566406  +1.029e-06
   870  +1.8838333591     30865  +1.8838500977  +1.674e-05
   871  +1.8846107854     30877  +1.8845825195  -2.827e-05
   872  +1.8853878911     30890  +1.8853759766  -1.191e-05
   873  +1.8861646767     30903  +1.8861694336  +4.757e-06
   874  +1.8869411424     30916  +1.8869628906  +2.175e-05
   875  +1.8877172888     30928  +1.8876953125  -2.198e-05
   876  +1.8884931162     30941  +1.8884887695  -4.347e-06
   877  +1.8892686250     30954  +1.8892822266  +1.360e-05
   878  +1.8900438156     30966  +1.8900146484  -2.917e-05
   879  +1.8908186884     30979  +1.8908081055  -1.058e-05
   880  +1.8915932438     30992  +1.8916015625  +8.319e-06
   881  +1.8923674822     31005  +1.8923950195  +2.754e-05
   882  +1.8931414039     31017  +1.8931274414  -1.396e-05
   883  +1.8939150093     31030  +1.8939208984  +5.889e-06
   884  +1.8946882989     31043  +1.8947143555  +2.606e-05
   885  +1.8954612730     31055  +1.8954467773  -1.450e-05
   886  +1.8962339320     31068  +1.8962402344  +6.302e-06
   887  +1.8970062763     31081  +1.8970336914  +2.742e-05
   888  +1.8977783063     31093  +1.8977661133  -1.219e-05
   889  +1.8985500224     31106  +1.8985595703  +9.548e-06
   890  +1.8993214249     31118  +1.8992919922  -2.943e-05
   891  +1.9000925142     31131  +1.9000854492  -7.065e-06
   892  +1.9008632907     31144  +1.9008789062  +1.562e-05
   893  +1.9016337548     31156  +1.9016113281  -2.243e-05
   894  +1.9024039069     31169  +1.9024047852  +8.783e-07
   895  +1.9031737473     31182  +1.9031982422  +2.449e-05
   896  +1.9039432765     31194  +1.9039306641  -1.261e-05
   897  +1.9047124947     31207  +1.9047241211  +1.163e-05
   898  +1.9054814024     31219  +1.9054565430  -2.486e-05
   899  +1.9062500000     31232  +1.9062500000  +0.000e+00
   900  +1.9070182878     31245  +1.9070434570  +2.517e-05
   901  +1.9077862662     31257  +1.9077758789  -1.039e-05
   902  +1.9085539356     31270  +1.9085693359  +1.540e-05
   903  +1.9093212963     31282  +1.9093017578  -1.954e-05
   904  +1.9100883487     31295  +1.9100952148  +6.866e-06
   905  +1.9108550933     31307  +1.9108276367  -2.746e-05
   906  +1.9116215303     31320  +1.9116210938  -4.365e-07
   907  +1.9123876601     31333  +1.9124145508  +2.689e-05
   908  +1.9131534831     31345  +1.9131469727  -6.510e-06
   909  +1.9139189997     31358  +1.9139404297  +2.143e-05
   910  +1.9146842103     31370  +1.9146728516  -1.136e-05
   911  +1.9154491151     31383  +1.9154663086  +1.719e-05
   912  +1.9162137146     31395  +1.9161987305  -1.498e-05
   913  +1.9169780091     31408  +1.9169921875  +1.418e-05
   914  +1.9177419991     31420  +1.9177246094  -1.739e-05
   915  +1.9185056848     31433  +1.9185180664  +1.238e-05
   916  +1.9192690666     31445  +1.9192504883  -1.858e-05
   917  +1.9200321449     31458  +1.9200439453  +1.180e-05
   918  +1.9207949201     31470  +1.9207763672  -1.855e-05
   919  +1.9215573925     31483  +1.9215698242  +1.243e-05
   920  +1.9223195624     31495  +1.9223022461  -1.732e-05
   921  +1.9230814303     31508  +1.9230957031  +1.427e-05
   922  +1.9238429965     31520  +1.9238281250  -1.487e-05
   923  +1.9246042613     31533  +1.9246215820  +1.732e-05
   924  +1.9253652251     31545  +1.9253540039  -1.122e-05
   925  +1.9261258883     31558  +1.9261474609  +2.157e-05
   926  +1.9268862512     31570  +1.9268798828  -6.368e-06
   927  +1.9276463142     31583  +1.9276733398  +2.703e-05
   928  +1.9284060776     31595  +1.9284057617  -3.158e-07
   929  +1.9291655418     31607  +1.9291381836  -2.736e-05
   930  +1.9299247071     31620  +1.9299316406  +6.934e-06
   931  +1.9306835739     31632  +1.9306640625  -1.951e-05
   932  +1.9314421425     31645  +1.9314575195  +1.538e-05
   933  +1.9322004134     31657  +1.9321899414  -1.047e-05
   934  +1.9329583868     31670  +1.9329833984  +2.501e-05
   935  +1.9337160631     31682  +1.9337158203  -2.427e-07
   936  +1.9344734426     31694  +1.9344482422  -2.520e-05
   937  +1.9352305257     31707  +1.9352416992  +1.117e-05
   938  +1.9359873127     31719  +1.9359741211  -1.319e-05
   939  +1.9367438040     31732  +1.9367675781  +2.377e-05
   940  +1.9375000000     31744  +1.9375000000  +0.000e+00
   941  +1.9382559009     31756  +1.9382324219  -2.348e-05
   942  +1.9390115072     31769  +1.9390258789  +1.437e-05
   943  +1.9397668191     31781  +1.9397583008  -8.518e-06
   944  +1.9405218370     31794  +1.9405517578  +2.992e-05
   945  +1.9412765613     31806  +1.9412841797  +7.618e-06
   946  +1.9420309923     31818  +1.9420166016  -1.439e-05
   947  +1.9427851303     31831  +1.9428100586  +2.493e-05
   948  +1.9435389757     31843  +1.9435424805  +3.505e-06
   949  +1.9442925288     31855  +1.9442749023  -1.763e-05
   950  +1.9450457899     31868  +1.9450683594  +2.257e-05
   951  +1.9457987595     31880  +1.9458007812  +2.022e-06
   952  +1.9465514378     31892  +1.9465332031  -1.823e-05
   953  +1.9473038252     31905  +1.9473266602  +2.283e-05
   954  +1.9480559219     31917  +1.9480590820  +3.160e-06
   955  +1.9488077285     31929  +1.9487915039  -1.622e-05
   956  +1.9495592451     31942  +1.9495849609  +2.572e-05
   957  +1.9503104721     31954  +1.9503173828  +6.911e-06
   958  +1.9510614098     31966  +1.9510498047  -1.161e-05
   959  +1.9518120587     31978  +1.9517822266  -2.983e-05
   960  +1.9525624190     31991  +1.9525756836  +1.326e-05
   961  +1.9533124910     32003  +1.9533081055  -4.386e-06
   962  +1.9540622751     32015  +1.9540405273  -2.175e-05
   963  +1.9548117716     32028  +1.9548339844  +2.221e-05
   964  +1.9555609809     32040  +1.9555664062  +5.425e-06
   965  +1.9563099032     32052  +1.9562988281  -1.108e-05
   966  +1.9570585390     32064  +1.9570312500  -2.729e-05
   967  +1.9578068885     32077  +1.9578247070  +1.782e-05
   968  +1.9585549520     32089  +1.9585571289  +2.177e-06
   969  +1.9593027299     32101  +1.9592895508  -1.318e-05
   970  +1.9600502226     32113  +1.9600219727  -2.825e-05
   971  +1.9607974303     32126  +1.9608154297  +1.800e-05
   972  +1.9615443533     32138  +1.9615478516  +3.498e-06
   973  +1.9622909921     32150  +1.9622802734  -1.072e-05
   974  +1.9630373468     32162  +1.9630126953  -2.465e-05
   975  +1.9637834179     32175  +1.9638061523  +2.273e-05
   976  +1.9645292057     32187  +1.9645385742  +9.369e-06
   977  +1.9652747104     32199  +1.9652709961  -3.714e-06
   978  +1.9660199325     32211  +1.9660034180  -1.651e-05
   979  +1.9667648722     32223  +1.9667358398  -2.903e-05
   980  +1.9675095298     32236  +1.9675292969  +1.977e-05
   981  +1.9682539057     32248  +1.9682617188  +7.813e-06
   982  +1.9689980003     32260  +1.9689941406  -3.860e-06
   983  +1.9697418137     32272  +1.9697265625  -1.525e-05
   984  +1.9704853463     32284  +1.9704589844  -2.636e-05
   985  +1.9712285985     32297  +1.9712524414  +2.384e-05
   986  +1.9719715705     32309  +1.9719848633  +1.329e-05
   987  +1.9727142628     32321  +1.9727172852  +3.022e-06
   988  +1.9734566755     32333  +1.9734497070  -6.968e-06
   989  +1.9741988090     32345  +1.9741821289  -1.668e-05
   990  +1.9749406637     32357  +1.9749145508  -2.611e-05
   991  +1.9756822398     32370  +1.9757080078  +2.577e-05
   992  +1.9764235376     32382  +1.9764404297  +1.689e-05
   993  +1.9771645575     32394  +1.9771728516  +8.294e-06
   994  +1.9779052998     32406  +1.9779052734  -2.637e-08
   995  +1.9786457648     32418  +1.9786376953  -8.069e-06
   996  +1.9793859528     32430  +1.9793701172  -1.584e-05
   997  +1.9801258641     32442  +1.9801025391  -2.332e-05
   998  +1.9808654990     32455  +1.9808959961  +3.050e-05
   999  +1.9816048578     32467  +1.9816284180  +2.356e-05
  1000  +1.9823439409     32479  +1.9823608398  +1.690e-05
  1001  +1.9830827485     32491  +1.9830932617  +1.051e-05
  1002  +1.9838212810     32503  +1.9838256836  +4.403e-06
  1003  +1.9845595387     32515  +1.9845581055  -1.433e-06
  1004  +1.9852975218     32527  +1.9852905273  -6.994e-06
  1005  +1.9860352307     32539  +1.9860229492  -1.228e-05
  1006  +1.9867726657     32551  +1.9867553711  -1.729e-05
  1007  +1.9875098270     32563  +1.9874877930  -2.203e-05
  1008  +1.9882467151     32575  +1.9882202148  -2.650e-05
  1009  +1.9889833301     32588  +1.9890136719  +3.034e-05
  1010  +1.9897196725     32600  +1.9897460938  +2.642e-05
  1011  +1.9904557424     32612  +1.9904785156  +2.277e-05
  1012  +1.9911915403     32624  +1.9912109375  +1.940e-05
  1013  +1.9919270663     32636  +1.9919433594  +1.629e-05
  1014  +1.9926623209     32648  +1.9926757812  +1.346e-05
  1015  +1.9933973042     32660  +1.9934082031  +1.090e-05
  1016  +1.9941320167     32672  +1.9941406250  +8.608e-06
  1017  +1.9948664586     32684  +1.9948730469  +6.588e-06
  1018  +1.9956006301     32696  +1.9956054688  +4.839e-06
  1019  +1.9963345317     32708  +1.9963378906  +3.359e-06
  1020  +1.9970681636     32720  +1.9970703125  +2.149e-06
  1021  +1.9978015261     32732  +1.9978027344  +1.208e-06
  1022  +1.9985346194     32744  +1.9985351562  +5.368e-07
  1023  +1.9992674440     32756  +1.9992675781  +1.342e-07
