0 29 53 160 29 214
1 25 50 154 27 204
4 29 54 159 29 213
4 64 52 188 16 240
8 30 53 162 30 215
12 40 50 173 28 224
16 38 50 165 29 215
19 39 62 163 29 225
21 66 53 185 17 238
22 47 68 171 28 239
28 94 50 181 24 231
31 1 56 150 29 206
34 0 67 153 28 220
34 5 72 155 28 227
38 3 60 160 29 220
39 6 56 162 29 218
39 9 51 159 29 210
40 55 56 167 28 223
42 10 54 162 28 216
44 57 61 167 28 228
45 94 50 180 23 230
47 59 68 167 28 235
49 13 53 168 30 221
51 59 50 166 29 216
54 17 70 163 27 233
54 20 58 161 29 219
58 20 54 163 28 217
59 41 69 136 16 205
59 44 57 139 19 196
59 70 50 178 23 228
61 16 83 169 24 252
61 24 61 160 29 221
65 66 66 167 31 233
67 24 50 163 28 213
68 27 58 163 28 221
69 70 66 169 30 235
71 28 49 167 29 216
71 66 60 162 33 222
72 74 59 173 30 232
73 31 61 161 30 222
75 74 61 170 30 231
76 69 60 165 31 225
76 79 54 179 28 233
80 73 55 166 32 221
81 29 50 172 30 222
81 32 60 173 33 233
81 77 52 169 32 221
83 80 54 173 31 227
90 36 78 175 33 253
92 43 91 162 31 253
93 29 62 185 23 247
93 83 48 173 28 221
93 87 48 178 26 226
95 26 62 186 20 248
