0 29 -29198 0
1 25 -19247 1
4 29 -14410 1
4 64 -9688 1
8 30 -21027 0
12 40 -21528 0
16 38 -21487 0
19 39 -24383 0
21 66 -25343 0
22 47 -15984 1
28 94 -25760 0
31 1 -12346 1
34 0 -8582 1
34 5 -20045 0
38 3 -35051 0
39 6 -30084 0
39 9 -26156 0
40 55 -4694 1
42 10 -26483 0
44 57 -36748 0
45 94 -20378 0
47 59 -11765 1
49 13 -28825 0
51 59 -12258 1
54 17 -26903 0
54 20 -19627 1
58 20 -36033 0
59 41 -10318 1
59 44 -9854 1
59 70 -8034 1
61 16 -26982 0
61 24 -35908 0
65 66 -36408 0
67 24 -13299 1
68 27 -29103 0
69 70 -19661 1
71 28 -33445 0
71 66 -15507 1
72 74 -21263 0
73 31 -26055 0
75 74 -24701 0
76 69 -30477 0
76 79 -15582 1
80 73 -37482 0
81 29 -28158 0
81 32 -38711 0
81 77 -37159 0
83 80 -13092 1
90 36 -33192 0
92 43 -31416 0
93 29 -15590 1
93 83 -25184 0
93 87 -20075 0
95 26 -18051 1
