11 26 18302 49234 8424 201
50 93 18495 50385 9831 205
50 99 22999 51257 8966 221
60 85 19036 52868 18388 214
67 87 28095 53217 22199 242
68 90 30379 54629 20664 253
70 97 26854 58154 21763 253
73 92 29024 54304 11002 248
73 99 27463 57209 18381 252
79 50 33414 50250 8724 249
79 94 17547 64437 32975 244
80 63 16963 51917 21476 205
82 55 33118 51218 8959 251
87 90 24380 60292 29871 252
88 97 19251 65757 27934 253
90 90 24605 60403 29277 253
93 55 18364 55892 22724 221
94 58 18303 56289 21481 222
95 88 21930 59046 35431 241
96 63 25260 54036 16834 236
97 67 24388 52220 14199 228
98 85 22752 62256 43633 253
98 91 19656 64680 39095 251
99 73 21947 53317 14815 224
