6 15 -37406 0
14 17 -41154 0
16 37 -29091 0
17 42 -35472 0
19 37 -23536 0
21 38 -21882 0
22 38 -25259 0
23 37 -25282 0
25 15 -34383 0
31 30 -10527 1
31 23 -14155 1
31 24 -13488 1
31 28 -9924 1
31 48 -25921 0
32 11 -17164 1
32 18 -13362 1
32 19 -14117 1
32 20 -13051 1
32 43 -21859 0
32 45 -24925 0
32 50 -23755 0
32 54 -27799 0
32 26 -6390 1
33 52 -25723 0
34 55 -30124 0
34 57 -31358 0
38 50 -26305 0
41 43 -26067 0
42 40 -28439 0
44 22 -7940 1
44 24 -7854 1
44 27 -9399 1
44 38 -22433 0
45 25 -7350 1
46 28 -11952 1
55 51 -34648 0
57 43 -40522 0
