16
32
39
12
26
2
20
77
91
56
55
56
46
34
15
15
29
20
6
17
42
38
31
48
44
34
48
34
28
33
15
26
36
13
31
28
0
35
27
53
37
22
23
42
53
49
48
55
72
58
53
38
45
50
53
48
56
35
37
25
10
10
5
9
23
18
11
19
38
44
41
45
20
25
30
18
28
55
57
53
35
24
38
23
30
79
63
58
29
25
26
32
36
34
31
31
21
55
35
16
28
43
35
46
31
5
9
23
48
68
39
8
13
34
41
29
40
78
82
49
44
38
13
4
9
22
38
33
32
32
41
4
15
38
28
30
23
21
30
46
47
32
22
24
85
91
90
74
0
6
30
11
40
31
55
67
68
66
44
32
27
33
45
39
32
48
46
11
47
47
43
79
76
29
18
4
46
34
35
1
19
13
14
40
37
11
4
23
29
19
29
56
18
49
20
30
30
37
48
76
82
58
70
75
60
50
50
72
47
21
37
67
57
33
29
29
34
33
31
76
92
77
104
119
123
96
71
33
50
30
14
14
33
21
18
31
41
41
45
54
76
58
37
54
22
9
34
21
57
14
13
25
24
20
21
45
9
8
21
34
31
26
22
15
37
46
45
50
48
41
46
42
32
42
37
13
26
35
32
17
24
42
50
44
48
59
51
30
10
40
14
25
52
19
33
51
48
32
51
54
33
21
26
53
25
46
45
27
27
35
27
15
36
30
27
12
10
22
21
24
24
48
52
45
26
41
48
36
27
41
46
37
30
34
35
29
2
25
12
28
67
36
53
42
36
11
21
34
47
60
53
52
26
19
14
33
47
29
28
64
59
45
70
78
77
61
19
19
29
21
12
35
15
28
32
23
8
24
65
101
88
41
16
22
16
11
59
29
4
33
82
70
67
63
32
31
16
40
31
6
52
36
36
28
28
33
25
33
24
33
32
29
47
67
53
21
23
28
32
33
37
36
24
9
15
32
43
18
33
33
49
50
40
81
105
87
69
57
34
51
7
20
18
37
23
24
21
33
40
28
36
35
34
31
18
25
44
47
37
18
13
23
25
15
13
8
10
23
36
43
50
58
32
27
57
94
91
26
11
44
44
33
2
16
28
30
0
46
40
65
38
6
2
30
24
21
26
15
25
28
28
27
20
36
0
7
18
26
31
36
37
36
43
31
30
41
39
24
21
31
12
34
27
19
29
50
34
15
4
37
67
56
27
42
24
11
29
22
13
27
54
49
35
72
44
26
27
20
14
14
13
35
44
29
17
17
20
18
16
18
46
39
39
43
36
20
15
21
41
42
18
26
29
41
9
0
16
14
42
29
30
37
53
62
65
92
85
29
27
34
12
18
35
25
31
26
24
28
27
45
27
12
5
15
22
21
24
32
38
36
30
22
20
26
33
37
13
17
19
58
54
43
28
55
57
40
36
29
81
55
20
25
30
8
19
12
36
35
35
82
75
72
78
63
52
48
29
27
35
33
37
40
29
10
4
11
37
39
34
23
20
25
24
18
20
44
34
17
16
35
31
24
7
50
61
21
36
66
51
34
8
4
39
12
28
36
12
3
5
9
20
9
18
44
43
42
62
50
37
28
19
17
28
42
24
24
27
33
35
30
21
15
14
16
17
19
42
39
32
26
66
8
18
54
15
22
27
38
32
20
73
52
46
38
37
59
64
58
45
12
17
55
64
66
54
39
28
31
40
45
43
41
40
24
19
29
31
21
17
23
24
31
37
15
27
14
23
25
90
77
50
29
12
27
47
27
27
37
58
42
60
33
38
37
26
28
7
38
37
48
67
56
16
31
52
25
26
27
41
15
35
19
21
20
4
18
29
13
24
37
29
62
34
42
10
14
32
33
23
41
38
60
54
69
0
15
30
43
50
51
49
59
30
33
49
35
21
27
51
64
58
36
56
44
51
45
52
61
45
30
32
28
56
39
33
20
0
24
51
56
37
22
17
20
55
62
53
53
34
64
28
53
60
47
56
26
60
26
30
14
46
8
27
3
6
11
21
45
48
17
24
13
22
17
12
25
30
20
10
0
52
40
39
28
23
16
30
11
36
21
31
16
55
53
62
26
13
88
92
105
28
32
3
18
8
34
19
34
37
0
16
46
49
29
4
12
14
27
18
12
32
48
50
30
56
61
55
19
58
52
41
9
5
18
62
55
62
17
20
14
31
15
72
33
15
56
65
34
47
46
53
19
35
12
35
45
60
60
32
56
10
9
21
43
20
62
25
27
46
56
69
29
43
36
40
29
16
18
22
3
17
15
31
40
32
6
13
34
65
32
91
66
46
29
34
0
19
31
7
38
28
58
31
43
33
90
70
90
18
24
16
2
37
60
7
17
23
12
17
5
17
4
30
58
26
16
30
37
17
14
22
64
64
50
23
23
37
20
32
18
30
28
55
60
36
32
27
36
62
61
43
30
51
77
60
63
14
38
26
17
37
37
11
21
28
31
14
48
3
18
58
68
57
21
15
12
6
16
16
20
1
5
12
32
70
109
93
73
78
53
22
11
11
37
33
48
26
33
19
38
32
14
25
27
1
16
7
36
34
25
31
21
28
53
7
61
31
58
62
4
31
25
48
52
43
44
33
18
21
34
32
17
78
21
5
31
36
16
24
47
60
14
0
14
75
66
51
36
50
47
54
26
18
37
28
32
51
56
47
18
23
106
108
111
88
66
49
42
32
16
10
15
23
25
32
50
56
34
16
23
36
42
8
53
0
31
16
52
63
41
27
12
27
9
18
32
19
8
17
33
42
65
51
67
38
14
0
40
59
69
52
26
66
57
48
37
21
14
32
57
24
21
20
24
35
50
57
55
6
2
54
44
85
51
68
38
32
21
9
0
19
19
29
38
14
33
34
19
16
59
48
35
43
62
18
26
9
40
126
126
75
49
28
29
38
39
33
29
46
49
56
50
43
56
48
10
12
37
36
75
10
26
13
45
50
35
13
8
37
51
47
40
16
20
48
61
54
22
15
28
23
29
22
67
46
16
56
45
31
24
18
14
13
14
19
24
27
24
36
32
21
43
51
15
61
61
91
79
77
44
50
37
45
47
29
18
23
33
32
36
64
80
78
14
20
32
77
66
72
43
30
27
18
13
24
18
21
29
37
40
36
28
15
5
13
5
21
25
7
17
27
7
84
55
32
10
45
80
94
60
16
33
32
37
31
30
15
18
42
25
23
12
27
0
17
16
19
35
63
9
7
35
32
34
74
58
35
25
36
51
50
38
29
27
47
61
47
41
43
34
36
45
51
35
29
45
57
43
32
43
38
54
48
43
13
10
30
48
25
12
11
28
46
27
31
21
57
57
91
65
16
32
0
27
55
58
49
42
33
24
20
25
37
53
67
83
99
108
39
31
56
41
41
15
36
35
18
24
9
23
15
25
20
42
48
71
36
54
14
25
28
35
24
38
54
35
81
65
22
22
72
65
43
16
9
17
20
12
14
33
44
52
63
58
40
29
41
9
56
35
51
62
19
11
58
54
44
54
88
69
20
39
42
3
34
15
58
87
65
95
83
82
43
56
12
43
50
20
13
41
29
28
38
23
19
27
47
51
71
67
68
40
36
30
91
103
40
66
86
49
129
110
112
14
30
33
61
70
57
53
50
34
8
9
43
42
94
42
29
37
23
32
17
31
36
0
57
69
68
66
46
23
20
1
41
36
42
31
41
31
38
32
35
60
51
64
64
0
21
29
25
42
34
40
42
55
63
27
30
29
0
49
71
0
62
43
69
73
54
37
43
54
71
52
19
25
37
37
3
7
49
46
74
71
65
29
23
16
35
38
53
3
35
29
106
139
85
120
116
72
122
131
187
200
185
195
207
201
95
0
12
60
110
115
47
68
63
55
55
57
48
39
16
18
21
36
35
40
50
22
42
58
76
59
59
43
36
14
61
56
70
40
74
81
68
103
90
138
255
255
253
171
199
43
9
36
67
70
69
98
71
75
41
52
31
33
14
38
32
54
18
37
14
1
11
22
47
62
74
63
53
28
44
51
60
44
36
41
44
31
60
59
60
65
97
29
37
31
28
53
63
38
111
79
69
54
1
30
58
53
34
42
47
81
49
59
22
36
43
88
75
53
44
22
20
32
18
31
52
39
43
30
32
21
120
99
89
49
38
25
41
64
46
104
55
76
61
125
170
178
114
59
58
75
97
49
22
22
64
27
29
53
29
34
14
30
49
56
33
26
37
43
44
24
23
32
54
50
60
55
73
80
39
31
24
86
129
88
86
29
41
63
141
164
182
188
255
240
89
174
186
26
77
71
36
69
75
10
24
44
38
30
19
25
33
63
88
78
29
17
41
27
36
11
10
19
58
56
49
28
