% row col c1_code c2_code c3_code
8 8 13973 2568553 -1094117
8 9 14073 2072401 -808147
8 10 13952 1952734 -710767
8 11 13824 2280841 -1678316
8 12 13786 2313696 -1755132
8 13 14006 2134630 -1780913
8 14 14184 1942552 -1524256
8 15 14280 1542342 -396007
8 16 14009 2394750 -1734569
8 17 13905 2338556 -1679432
8 18 13991 1625930 -450226
8 19 13841 1840113 -665469
8 20 13979 1766412 -589964
8 21 14011 1355083 -245585
8 22 13855 1679596 -484289
8 23 13821 1849491 -553796
8 24 13951 1394386 -304285
8 25 14091 1104748 -169661
8 26 14139 1010593 -202674
8 27 14012 1182809 -651294
8 28 13848 1782322 -1865590
8 29 13962 1387695 -1311220
8 30 13818 1432801 -1271399
8 31 13678 2076561 -2405180
8 32 13528 2106763 -2390481
8 33 13545 1564554 -1340001
8 34 13595 1800263 -1426754
8 35 13727 1977650 -1337505
8 36 13962 1757003 -1238721
8 37 13954 1669586 -1376198
8 38 13642 1790538 -1390060
8 39 13531 2261765 -2343171
9 8 13943 2981993 -2137332
9 9 13948 2544890 -1831298
9 10 13883 2347727 -1713186
9 11 13758 2663186 -2664034
9 12 13630 2701716 -2659170
9 13 13846 2508532 -2713625
9 14 13955 2531719 -2710668
9 15 14040 2167721 -1616829
9 16 13835 2927825 -2789230
9 17 13971 2294034 -1676365
9 18 14126 1579562 -456659
9 19 14003 1819474 -699045
9 20 14125 1756127 -621000
9 21 14096 1477136 -354116
9 22 13986 1797590 -606538
9 23 13970 1988607 -681951
9 24 14076 1541623 -405533
9 25 14238 1216563 -263051
9 26 14233 1156414 -288105
9 27 14018 1419948 -764090
9 28 14005 1430506 -840741
9 29 14073 1144104 -367673
9 30 13934 1228157 -342601
9 31 13771 1866842 -1503204
9 32 13481 2444244 -2543242
9 33 13527 1872164 -1523784
9 34 13667 2003789 -1571055
9 35 13839 2143049 -1502394
9 36 14070 1896008 -1407395
9 37 14056 1787330 -1534449
9 38 13726 1929414 -1528106
9 39 13574 2379062 -2462944
10 8 14044 3595227 -3355065
10 9 14007 3186910 -3032383
10 10 13940 2926876 -2890408
10 11 13871 2841083 -2856752
10 12 13782 2817089 -2845171
10 13 13978 2648133 -2891220
10 14 14080 2620033 -2877560
10 15 14174 2258442 -1774017
10 16 13988 3016503 -3004980
10 17 14056 2404433 -1824951
10 18 14214 1653811 -592380
10 19 14076 1902880 -842399
10 20 14159 1815055 -749246
10 21 14065 1589696 -461365
10 22 13912 1990716 -697325
10 23 13814 2268538 -786409
10 24 13867 1860052 -533445
10 25 13895 1726215 -524874
10 26 13881 1659219 -536816
10 27 13530 2478203 -1999722
10 28 13611 2354950 -1993429
10 29 13640 2293845 -1956233
10 30 13635 2189401 -1846750
10 31 13423 2795216 -2846304
10 32 13087 3316089 -3668188
10 33 13132 2748390 -2742671
10 34 13266 2863524 -2832040
10 35 13334 3039915 -2721001
10 36 13509 2953509 -2785840
10 37 13481 2816901 -2924794
10 38 13227 2782549 -2759576
10 39 13070 3188590 -3552465
11 8 14394 3170396 -2453403
11 9 14192 3385872 -3198828
11 10 14119 3154142 -3031676
11 11 14040 3069622 -2979755
11 12 13948 3079470 -2954614
11 13 14162 2863711 -3020660
11 14 14171 2898963 -3081610
11 15 14017 3088670 -3047246
11 16 13702 3774867 -4051389
11 17 13706 3118088 -2904406
11 18 13777 2437319 -1829724
11 19 13699 2439263 -1823482
11 20 13813 2303423 -1763634
11 21 13822 2052079 -1515549
11 22 13715 2494074 -1698857
11 23 13641 2779696 -1758541
11 24 13703 2486612 -1540149
11 25 13751 2451853 -1516594
11 26 13904 1854884 -408209
11 27 13639 2600527 -1800121
11 28 13770 2497257 -1816355
11 29 13828 2449256 -1798114
11 30 13892 2400157 -1718043
11 31 13749 3009082 -2720190
11 32 13385 3677848 -3600840
11 33 13471 3132132 -2656442
11 34 13766 2649559 -1783255
11 35 13804 2796086 -1695615
11 36 13901 2752126 -1769171
11 37 13767 2613449 -1853241
11 38 13464 2554666 -1709511
11 39 13266 2912492 -2579492
12 8 14185 2457384 -1002694
12 9 14089 2699027 -1855542
12 10 14010 2525400 -1712890
12 11 13965 2460973 -1698205
12 12 13919 2513216 -1708145
12 13 14032 2759655 -2738142
12 14 14026 2787273 -2783518
12 15 13922 2888114 -2775717
12 16 13582 3572156 -3755915
12 17 13602 2926555 -2642864
12 18 13634 2226686 -1563230
12 19 13585 2209067 -1594848
12 20 13754 2078064 -1573955
12 21 13866 1853301 -1372252
12 22 13848 2333095 -1618188
12 23 13929 2461256 -1693222
12 24 14023 2129835 -1447699
12 25 14071 2070625 -1417548
12 26 14133 1607891 -359598
12 27 13952 2156030 -1491337
12 28 14080 2021696 -1470719
12 29 14298 1321272 -218159
12 30 14446 1163012 -85206
12 31 14250 1987663 -1441109
12 32 13775 2779838 -2495853
12 33 13862 2207983 -1433921
12 34 14170 1539796 -273424
12 35 14251 1663462 -212680
12 36 14375 1641295 -244132
12 37 14222 1630891 -406574
12 38 13862 1652333 -343591
12 39 13636 2027976 -1324938
13 8 13951 2681430 -1967949
13 9 13925 2950373 -2837349
13 10 13871 2802554 -2709368
13 11 13893 2145808 -1562383
13 12 13868 2196369 -1580259
13 13 13972 2477918 -2562831
13 14 13959 2556680 -2575091
13 15 13770 2866973 -2752436
13 16 13667 2885193 -2708497
13 17 13672 2424005 -1686814
13 18 13671 1780604 -596983
13 19 13605 1753864 -620821
13 20 13780 1595695 -584603
13 21 13844 1386499 -358684
13 22 13707 1832865 -587874
13 23 13686 1995988 -697649
13 24 13547 2185231 -1522418
13 25 13460 2203926 -1536326
13 26 13433 1667891 -581694
13 27 13262 2145464 -1594736
13 28 13350 2012212 -1599156
13 29 13553 1534653 -617059
13 30 13702 1409097 -541673
13 31 13519 2143454 -1675669
13 32 13107 2584693 -2376917
13 33 13211 2024530 -1446404
13 34 13560 1342181 -376575
13 35 13781 1416162 -282453
13 36 13987 1453362 -326547
13 37 13903 1457655 -513236
13 38 13566 1405757 -473815
13 39 13423 1808108 -1442217
14 8 14114 2541083 -2069755
14 9 14253 2802502 -3037172
14 10 14247 2664074 -2936097
14 11 14206 2014932 -1663813
14 12 14179 2123800 -1695824
14 13 14274 2391066 -2699023
14 14 14274 2478870 -2738297
14 15 14121 2757709 -2964218
14 16 14039 2750276 -2937738
14 17 14097 2316611 -1883821
14 18 14039 1739315 -677561
14 19 13898 1722218 -671556
14 20 14024 1567143 -595480
14 21 14068 1351861 -334916
14 22 13866 1831554 -563285
14 23 13857 2020565 -682757
14 24 13650 2374482 -1627337
14 25 13492 2411310 -1595072
14 26 13408 1908918 -627965
14 27 13188 2388544 -1584816
14 28 13203 2298712 -1567420
14 29 13411 1826974 -633816
14 30 13508 1701831 -561930
14 31 13286 2405583 -1605076
14 32 12848 2880623 -2230551
14 33 12949 2155944 -1266740
14 34 13207 1509921 -282344
14 35 13447 1562309 -207849
14 36 13585 1954694 -648871
14 37 13513 2104962 -851231
14 38 13185 2045189 -728400
14 39 13161 2384190 -1659185
15 8 14386 2157473 -1010819
15 9 14370 2570076 -1955129
15 10 14354 2406115 -1862252
15 11 14298 1573376 -466197
15 12 14108 1968490 -928311
15 13 14095 2162917 -1882212
15 14 13861 2875301 -2995825
15 15 13719 3089374 -3180310
15 16 13678 3016774 -3182349
15 17 13817 2427005 -2033045
15 18 13751 1840847 -879887
15 19 13642 1765607 -885812
15 20 13868 1543171 -814065
15 21 13968 1329675 -586166
15 22 13804 1797037 -805169
15 23 13879 1986036 -956021
15 24 13761 2403262 -1946570
15 25 13670 2394110 -1880024
15 26 13681 1944304 -905224
15 27 13450 2458965 -1899133
15 28 13462 2367358 -1870992
15 29 13720 1551620 -481798
15 30 13765 1614750 -616157
15 31 13642 2295408 -1771883
15 32 13203 2885727 -2464587
15 33 13212 2226249 -1377973
15 34 13443 1547690 -323932
15 35 13658 1551182 -239385
15 36 13730 1956146 -692627
15 37 13543 2117312 -847874
15 38 13114 2090928 -729201
15 39 13084 2371929 -1623609
16 8 14250 2844000 -1987574
16 9 14109 3401299 -3088353
16 10 14082 3187683 -3006543
16 11 13984 2218055 -1589880
16 12 13718 2546397 -1906702
16 13 13730 2758355 -2848050
16 14 13558 3418289 -3885241
16 15 13467 3544587 -4055890
16 16 13420 3458775 -4057497
16 17 13576 2864896 -3006272
16 18 13494 2265926 -1899420
16 19 13505 1617372 -865034
16 20 13792 1354187 -813207
16 21 13914 1165963 -575830
16 22 13776 1699751 -780197
16 23 13910 1956152 -922715
16 24 13896 2444641 -1962137
16 25 13799 2474009 -1881437
16 26 13893 1886240 -762282
16 27 13567 2485524 -1757595
16 28 13560 2399807 -1728509
16 29 13807 1552751 -314725
16 30 13778 1642096 -432725
16 31 13658 2334582 -1596908
16 32 13310 2913866 -2342380
16 33 13338 2284653 -1234740
16 34 13597 1480731 -130506
16 35 13844 1410015 -66917
16 36 14003 1804451 -593567
16 37 13884 2079789 -788332
16 38 13615 1841092 -350342
16 39 13535 2107272 -1384574
17 8 13662 4201238 -4235010
17 9 13548 4617760 -4949740
17 10 13496 4444215 -4853995
17 11 13506 3461934 -3686949
17 12 13252 3734571 -3845780
17 13 13494 2982100 -2910821
17 14 13401 3363387 -3569576
17 15 13363 3561547 -3769737
17 16 13357 3418580 -3793356
17 17 13482 2842645 -2723406
17 18 13195 3297121 -3557929
17 19 13262 2522634 -2461283
17 20 13573 2289842 -2537825
17 21 13678 2128732 -2346638
17 22 13613 2613135 -2503415
17 23 13766 2860007 -2698300
17 24 13785 3389919 -3754443
17 25 13728 3420864 -3686049
17 26 13895 2797343 -2654773
17 27 13476 3670837 -3858550
17 28 13403 3563414 -3755309
17 29 13646 2688012 -2431406
17 30 13611 2754381 -2536332
17 31 13673 2837927 -2640292
17 32 13330 3313728 -3314069
17 33 13329 2659529 -2183901
17 34 13541 1855690 -1094421
17 35 13929 1194851 69754
17 36 14085 1590407 -452285
17 37 13919 1935262 -680886
17 38 13683 1722957 -264222
17 39 13609 2001445 -1308373
18 8 13470 4246851 -4239194
18 9 13362 4679452 -4947623
18 10 13403 4326700 -4768792
18 11 13405 3385684 -3588288
18 12 13093 3664637 -3648364
18 13 13341 2940488 -2761772
18 14 13325 3329541 -3476126
18 15 13266 3530553 -3653754
18 16 13229 3422026 -3645781
18 17 13204 3452967 -3538830
18 18 12865 3860912 -4197978
18 19 12956 3066834 -3218291
18 20 13378 2367606 -2399486
18 21 13519 2232514 -2246721
18 22 13488 2763529 -2357386
18 23 13646 3038096 -2532760
18 24 13675 3537463 -3599613
18 25 13675 3470583 -3605578
18 26 13858 2774015 -2607715
18 27 13439 3608179 -3813166
18 28 13413 3484482 -3771700
18 29 13704 2578079 -2474367
18 30 13635 2615359 -2559194
18 31 13652 2674214 -2623618
18 32 13346 3154658 -3335539
18 33 13410 2513850 -2250968
18 34 13635 1690218 -1137525
18 35 14047 966898 46850
18 36 14206 1377823 -472282
18 37 14120 1752932 -720748
18 38 13953 1578050 -289698
18 39 13804 1862000 -1367402
19 8 14099 2760443 -2024307
19 9 13970 3255854 -2893537
19 10 14069 2899558 -2668837
19 11 13904 2732553 -2585340
19 12 13576 3070365 -2771645
19 13 13803 2249588 -1662837
19 14 13757 2638911 -2428650
19 15 13549 3373356 -3649799
19 16 13595 2646929 -2611372
19 17 13557 2550556 -2504697
19 18 13204 3054288 -3308780
19 19 13358 2274447 -2234342
19 20 13822 1081950 -124418
19 21 13824 1133217 -97154
19 22 13775 1648154 -273850
19 23 13858 1881752 -371447
19 24 13790 2415037 -1419242
19 25 13785 2346889 -1416586
19 26 13931 1638740 -305168
19 27 13457 2472970 -1673978
19 28 13381 2351189 -1606512
19 29 13636 1460371 -184648
19 30 13582 1516256 -296069
19 31 13632 1555769 -362981
19 32 13367 2011714 -1219019
19 33 13193 2361230 -2075481
19 34 13392 1633317 -1037830
19 35 13841 981333 79701
19 36 13996 1412599 -405891
19 37 13947 1791097 -643560
19 38 13829 1615077 -240337
19 39 13679 1892687 -1299938
20 8 14394 2038096 -815324
20 9 14253 2742201 -1875554
20 10 14441 2383565 -1644602
20 11 14282 2269955 -1584991
20 12 13980 2665682 -1892863
20 13 14280 1769605 -655794
20 14 14346 2157402 -1558020
20 15 14130 2959644 -2971043
20 16 14167 2213155 -1730243
20 17 14094 2169066 -1611432
20 18 13618 3297810 -3598134
20 19 13718 2479931 -2379422
20 20 14195 1195686 -136123
20 21 14223 1269283 -133414
20 22 14214 1705643 -387343
20 23 14197 1961772 -497265
20 24 13987 2565845 -1656509
20 25 13849 2406790 -1620483
20 26 13891 1618273 -471184
20 27 13332 2380331 -1791112
20 28 13281 2257670 -1743763
20 29 13545 1400155 -351380
20 30 13450 1466205 -445336
20 31 13386 1571339 -540832
20 32 13072 1990781 -1329958
20 33 12771 2334229 -2123416
20 34 12920 1610110 -1177745
20 35 13306 1100106 -166691
20 36 13429 1593719 -580266
20 37 13431 1922095 -613956
20 38 13409 1730697 -204776
20 39 13346 1507281 -199295
21 8 14353 2164279 -911889
21 9 14055 2999044 -2001235
21 10 14193 2788782 -1857240
21 11 13948 2767263 -1760261
21 12 13625 3044234 -1942851
21 13 13664 2809083 -1867996
21 14 13661 3187772 -2649254
21 15 13475 3850269 -3831273
21 16 13607 3005441 -2780412
21 17 13593 2958644 -2699783
21 18 13256 4027908 -4450550
21 19 13400 3321405 -3402812
21 20 13861 2184056 -1492891
21 21 13918 2217370 -1510420
21 22 13976 2491616 -1600210
21 23 13994 2665894 -1637956
21 24 13808 3221510 -2694931
21 25 13708 3066862 -2670432
21 26 13810 2259853 -1591413
21 27 13302 3016333 -2806253
21 28 13287 2864040 -2781357
21 29 13563 2011261 -1451566
21 30 13639 1503500 -480762
21 31 13584 1571162 -591251
21 32 13316 1995662 -1440738
21 33 13009 2372268 -2261522
21 34 13160 1699554 -1240399
21 35 13481 1224352 -242902
21 36 13588 1679526 -671399
21 37 13633 1968801 -710557
21 38 13633 1793107 -298467
21 39 13550 1557975 -268064
22 8 14279 2030875 -902492
22 9 14054 2896379 -2037128
22 10 14163 2676124 -1861452
22 11 13895 2646601 -1766041
22 12 13518 2900892 -1933756
22 13 13589 2718479 -1878806
22 14 13603 3118462 -2663157
22 15 13411 3783210 -3826937
22 16 13543 2929062 -2800714
22 17 13481 2846391 -2688277
22 18 13057 3906952 -4321258
22 19 13163 3209809 -3272970
22 20 13606 2181145 -1416235
22 21 13715 2202334 -1448354
22 22 13820 2347405 -1451893
22 23 13948 2455174 -1546030
22 24 13716 3610413 -3685754
22 25 13680 3509931 -3699367
22 26 13839 2730609 -2680906
22 27 13400 3555775 -3870221
22 28 13430 3404327 -3877852
22 29 13770 2527859 -2591579
22 30 13871 2018704 -1611490
22 31 13809 2097645 -1704397
22 32 13549 2551096 -2541320
22 33 13279 2873242 -3308959
22 34 13464 2164901 -2267709
22 35 13841 1536068 -1217846
22 36 13962 1984666 -1728903
22 37 13960 2269919 -1785771
22 38 13955 2099160 -1300614
22 39 13849 2056988 -1298114
23 8 14505 1386125 -515173
23 9 14302 2302669 -1807934
23 10 14395 2113374 -1600250
23 11 14237 2049492 -1591910
23 12 13827 2477626 -1878342
23 13 13937 2291664 -1787203
23 14 14023 2708026 -2674904
23 15 13975 2850791 -2917842
23 16 14117 1951886 -1662573
23 17 14041 1914432 -1581189
23 18 13562 3224970 -3625139
23 19 13698 2443364 -2427204
23 20 14158 1337786 -226542
23 21 14336 1279303 -214144
23 22 14464 1327716 -165076
23 23 14561 1427756 -232669
23 24 14285 2851602 -2877533
23 25 14220 2828289 -2896624
23 26 14262 2049952 -1655645
23 27 13731 2966937 -2996286
23 28 13483 3432466 -3872239
23 29 13760 2533391 -2522561
23 30 13764 2148712 -1594456
23 31 13680 2229973 -1670755
23 32 13412 2659021 -2469227
23 33 13169 3007421 -3223248
23 34 13355 2359399 -2231873
23 35 13720 1812531 -1270179
23 36 13840 2276360 -1767034
23 37 13795 2540743 -1785046
23 38 13768 2338147 -1300393
23 39 13701 2316209 -1307843
24 8 14440 2059698 -1803779
24 9 14242 3120064 -3192540
24 10 14317 2938573 -3008072
24 11 14107 2846395 -2897599
24 12 13765 3268225 -3117103
24 13 13887 3094443 -3053116
24 14 13944 3449629 -3922238
24 15 14062 3014710 -3090755
24 16 14298 2081581 -1847329
24 17 14264 2084897 -1775479
24 18 13795 3470710 -3902695
24 19 13985 2705309 -2685796
24 20 14397 1561047 -394617
24 21 14498 1472992 -380267
24 22 14533 1512346 -343892
24 23 14614 1597247 -414984
24 24 14367 3061641 -3103568
24 25 14333 3063567 -3143873
24 26 14604 1506295 -476721
24 27 14063 2549104 -2044852
24 28 13797 3055511 -3008384
24 29 14008 2089802 -1471427
24 30 13976 1659892 -505367
24 31 13873 1729686 -597638
24 32 13597 2167141 -1489997
24 33 13350 2527583 -2324502
24 34 13415 2421333 -2293018
24 35 13835 1903731 -1326903
24 36 13989 2393590 -1862922
24 37 13982 2625335 -1916269
24 38 13930 2386540 -1409172
24 39 13665 2898460 -2439167
25 8 14942 2167090 -1978396
25 9 14715 3305453 -3538748
25 10 14774 3069463 -3305157
25 11 14457 3140154 -3142466
25 12 14035 3602554 -3291258
25 13 14001 3558848 -3245136
25 14 14008 3980992 -4113609
25 15 14014 3494649 -3228140
25 16 14190 2501531 -2018209
25 17 14062 2489452 -1923740
25 18 13617 3813821 -3912575
25 19 13764 3083366 -2729555
25 20 14141 1991852 -573065
25 21 14200 1948583 -566063
25 22 14198 1924224 -518963
25 23 14104 2598467 -1736020
25 24 13914 3999275 -4110764
25 25 13916 4002519 -4182149
25 26 14283 2329266 -1738919
25 27 13766 3235588 -3017027
25 28 13607 3560477 -3880295
25 29 13711 3171182 -3526209
25 30 13720 2709635 -2610729
25 31 13537 3008660 -3026162
25 32 13338 3425467 -3823147
25 33 13126 3764439 -4545679
25 34 13247 3650246 -4619370
25 35 13690 3205830 -3893568
25 36 13874 3717529 -4508568
25 37 13839 3931144 -4513434
25 38 13804 3636801 -4005806
25 39 13566 4136694 -4917669
26 8 14766 2457882 -2083887
26 9 14524 3572785 -3527816
26 10 14411 3954387 -4446661
26 11 14058 4385426 -5184952
26 12 13625 4756657 -5077740
26 13 13421 5194758 -5888430
26 14 13517 5044553 -5760467
26 15 13529 4528998 -4999897
26 16 13666 3725927 -4079787
26 17 13445 4098826 -4806758
26 18 12942 5252063 -6170826
26 19 13121 4530044 -5275829
26 20 13490 3582916 -3556840
26 21 13511 3574401 -3551682
26 22 13554 3546160 -3551007
26 23 13454 4176134 -4554011
26 24 13328 5123719 -5653913
26 25 13362 5120982 -5785141
26 26 13751 3554517 -3856182
26 27 13419 3819438 -3904616
26 28 13212 4294094 -4729289
26 29 13296 3862901 -4376722
26 30 13540 2914919 -2630931
26 31 13465 3245935 -3109165
26 32 13513 3210176 -3019660
26 33 13325 3634209 -3816115
26 34 13408 3563626 -3893347
26 35 13763 3089787 -3040998
26 36 13929 3587999 -3642228
26 37 13882 3807592 -3643611
26 38 13848 3498443 -3138714
26 39 13544 3988686 -3997325
27 8 14985 3253543 -2080361
27 9 14827 4402471 -3542532
27 10 14885 4659601 -4511610
27 11 14557 5646847 -6411425
27 12 14208 6012386 -6261874
27 13 14106 6454642 -7256037
27 14 14223 6354887 -7186373
27 15 14207 5954968 -6214330
27 16 14226 5038332 -5003853
27 17 14011 5428474 -5743969
27 18 13532 6727661 -7166196
27 19 13769 5927632 -6352384
27 20 14176 4787127 -4666399
27 21 14209 4687305 -4773005
27 22 14269 4497849 -4892841
27 23 14136 5058511 -6067781
27 24 13903 5964986 -7255662
27 25 13976 5294879 -6406097
27 26 14210 3551618 -4082743
27 27 14009 3198620 -3134289
27 28 13888 3237292 -3175934
27 29 13973 2852840 -2712419
27 30 14132 1859259 -592142
27 31 13998 2163399 -1166137
27 32 14020 2040783 -1073716
27 33 13902 2366588 -1788947
27 34 13946 2296066 -1777566
27 35 14262 1716072 -615749
27 36 14366 2193162 -1184735
27 37 14299 2396980 -1237833
27 38 14082 2701332 -1831796
27 39 13683 3335165 -2775586
28 8 15506 3624608 -2024293
28 9 15487 4087680 -2340404
28 10 15593 4292509 -3421697
28 11 15325 5424917 -5743542
28 12 15003 5950550 -5790913
28 13 14888 6520333 -6894325
28 14 15195 5558915 -5527679
28 15 15393 4449313 -3201265
28 16 15414 3504964 -1566721
28 17 15136 4176697 -2840102
28 18 14606 5653017 -5000433
28 19 14737 4737985 -3898645
28 20 14957 3421782 -1558422
28 21 14865 3289811 -1650829
28 22 14818 3008044 -1635491
28 23 14572 3551839 -2967326
28 24 14207 4462958 -4252729
28 25 14064 4402119 -4321819
28 26 14082 3241065 -2945511
28 27 13732 3309087 -2448616
28 28 13401 3871290 -3373129
28 29 13506 3508341 -3020294
28 30 13796 2144402 -829592
28 31 13679 2468669 -1410802
28 32 13719 2278499 -1277159
28 33 13667 2562630 -1961440
28 34 13661 2445683 -1936976
28 35 13902 1901169 -825495
28 36 13975 2378104 -1319585
28 37 14047 2584148 -1438212
28 38 13986 2809048 -2048547
28 39 13682 3427292 -3059057
29 8 15241 3101612 -1918578
29 9 15165 3489644 -2184298
29 10 15233 3644470 -3243209
29 11 14990 4695523 -5579513
29 12 14642 5507046 -6112533
29 13 14701 5401983 -6101576
29 14 15069 4487421 -4738971
29 15 15301 3426759 -2409657
29 16 15295 2443654 -786656
29 17 14966 3085601 -2102816
29 18 14509 4580117 -4469306
29 19 14706 3768850 -3355548
29 20 14894 2602111 -878740
29 21 14828 2561452 -956276
29 22 14734 2402427 -863905
29 23 14502 3020923 -2154616
29 24 14134 4030052 -3393174
29 25 14023 3994632 -3523935
29 26 13835 3566487 -3326638
29 27 13474 3584035 -2784880
29 28 13228 4156539 -3728653
29 29 13477 3640044 -3132115
29 30 13804 2399726 -973649
29 31 13716 2559923 -1414768
29 32 13731 2385806 -1256135
29 33 13724 2676068 -1967938
29 34 13716 2672455 -1981159
29 35 13915 2124413 -851776
29 36 13929 2567930 -1327682
29 37 14056 2666507 -1434697
29 38 13891 3161996 -2408705
29 39 13592 3738127 -3272736
30 8 15263 2167320 -680791
30 9 15139 2491022 -966868
30 10 15183 2529381 -1940415
30 11 14902 3596330 -4329357
30 12 14602 4432156 -5026849
30 13 14697 4322214 -5049721
30 14 15024 3733511 -4055972
30 15 15335 2379884 -1334954
30 16 15150 2226400 -1181365
30 17 14808 2964824 -2364221
30 18 14407 4438249 -4577518
30 19 14627 3835262 -3441281
30 20 14855 2733719 -985820
30 21 14862 2738069 -1026985
30 22 14762 2518896 -945667
30 23 14501 2997721 -2197002
30 24 14101 3951038 -3524276
30 25 14072 3761974 -3673760
30 26 13951 3383102 -3537963
30 27 13716 3156772 -2704609
30 28 13599 3836784 -3853670
30 29 13938 2996490 -2868519
30 30 14314 1665759 -407396
30 31 14211 1861173 -898883
30 32 14187 1906091 -968413
30 33 14183 2152322 -1734028
30 34 14229 2142107 -1792338
30 35 14337 1623997 -537497
30 36 14283 2051933 -1040626
30 37 14442 2066462 -1100383
30 38 14252 2643618 -2169129
30 39 13969 3296382 -3172810
31 8 15405 3637586 -2161041
31 9 15377 3882729 -2337123
31 10 15418 3972419 -3298466
31 11 15116 5054419 -5595754
31 12 14856 5877808 -6270575
31 13 14929 5719766 -6312962
31 14 15325 4711083 -4915566
31 15 15691 3283979 -2197116
31 16 15554 3136301 -1991952
31 17 15295 3323296 -1785126
31 18 14937 4814324 -4247970
31 19 15102 4082578 -2968384
31 20 15282 2850823 -325781
31 21 15207 2794181 -353650
31 22 15056 2503523 -250791
31 23 14759 2963386 -1604747
31 24 14438 3716780 -3027266
31 25 14478 3566155 -3219820
31 26 14393 3200518 -3117286
31 27 14028 3234445 -2716926
31 28 13897 3914092 -3930769
31 29 14188 3030942 -2824860
31 30 14582 1617111 -246087
31 31 14471 1801245 -742830
31 32 14426 1782789 -763075
31 33 14361 2050454 -1537564
31 34 14494 2023369 -1632924
31 35 14593 1533831 -339848
31 36 14603 1595069 -390108
31 37 14786 1436020 -335529
31 38 14614 1971462 -1542437
31 39 14297 2658871 -2695697
