% code lg_code(Q5.16) sq_code(Q2.14)
1 -1572864 4
2 -1507328 6
3 -1468992 7
4 -1441792 8
5 -1420694 9
6 -1403456 10
7 -1388881 11
8 -1376256 11
9 -1365120 12
10 -1355158 13
11 -1346147 13
12 -1337920 14
13 -1330352 14
14 -1323345 15
15 -1316822 15
16 -1310720 16
17 -1304988 16
18 -1299584 17
19 -1294472 17
20 -1289622 18
21 -1285009 18
22 -1280611 19
23 -1276408 19
24 -1272384 20
25 -1268524 20
26 -1264816 20
27 -1261248 21
28 -1257809 21
29 -1254491 22
30 -1251286 22
31 -1248186 22
32 -1245184 23
33 -1242275 23
34 -1239452 23
35 -1236711 24
36 -1234048 24
37 -1231457 24
38 -1228936 25
39 -1226480 25
40 -1224086 25
41 -1221751 26
42 -1219473 26
43 -1217248 26
44 -1215075 27
45 -1212950 27
46 -1210872 27
47 -1208838 27
48 -1206848 28
49 -1204898 28
50 -1202988 28
51 -1201116 29
52 -1199280 29
53 -1197479 29
54 -1195712 29
55 -1193977 30
56 -1192273 30
57 -1190600 30
58 -1188955 30
59 -1187339 31
60 -1185750 31
61 -1184187 31
62 -1182650 31
63 -1181137 32
64 -1179648 32
65 -1178182 32
66 -1176739 33
67 -1175317 33
68 -1173916 33
69 -1172536 33
70 -1171175 33
71 -1169834 34
72 -1168512 34
73 -1167208 34
74 -1165921 34
75 -1164652 35
76 -1163400 35
77 -1162164 35
78 -1160944 35
79 -1159739 36
80 -1158550 36
81 -1157376 36
82 -1156215 36
83 -1155069 36
84 -1153937 37
85 -1152818 37
86 -1151712 37
87 -1150619 37
88 -1149539 38
89 -1148470 38
90 -1147414 38
91 -1146369 38
92 -1145336 38
93 -1144314 39
94 -1143302 39
95 -1142302 39
96 -1141312 39
97 -1140332 39
98 -1139362 40
99 -1138402 40
100 -1137452 40
101 -1136511 40
102 -1135580 40
103 -1134658 41
104 -1133744 41
105 -1132839 41
106 -1131943 41
107 -1131055 41
108 -1130176 42
109 -1129304 42
110 -1128441 42
111 -1127585 42
112 -1126737 42
113 -1125897 43
114 -1125064 43
115 -1124238 43
116 -1123419 43
117 -1122608 43
118 -1121803 43
119 -1121005 44
120 -1120214 44
121 -1119429 44
122 -1118651 44
123 -1117879 44
124 -1117114 45
125 -1116354 45
126 -1115601 45
127 -1114854 45
128 -1114112 45
129 -1113376 45
130 -1112646 46
131 -1111922 46
132 -1111203 46
133 -1110489 46
134 -1109781 46
135 -1109078 46
136 -1108380 47
137 -1107687 47
138 -1107000 47
139 -1106317 47
140 -1105639 47
141 -1104966 48
142 -1104298 48
143 -1103635 48
144 -1102976 48
145 -1102321 48
146 -1101672 48
147 -1101026 49
148 -1100385 49
149 -1099749 49
150 -1099116 49
151 -1098488 49
152 -1097864 49
153 -1097244 49
154 -1096628 50
155 -1096016 50
156 -1095408 50
157 -1094804 50
158 -1094203 50
159 -1093607 50
160 -1093014 51
161 -1092425 51
162 -1091840 51
163 -1091258 51
164 -1090679 51
165 -1090105 51
166 -1089533 52
167 -1088966 52
168 -1088401 52
169 -1087840 52
170 -1087282 52
171 -1086728 52
172 -1086176 52
173 -1085628 53
174 -1085083 53
175 -1084541 53
176 -1084003 53
177 -1083467 53
178 -1082934 53
179 -1082405 54
180 -1081878 54
181 -1081354 54
182 -1080833 54
183 -1080315 54
184 -1079800 54
185 -1079287 54
186 -1078778 55
187 -1078271 55
188 -1077766 55
189 -1077265 55
190 -1076766 55
191 -1076270 55
192 -1075776 55
193 -1075285 56
194 -1074796 56
195 -1074310 56
196 -1073826 56
197 -1073345 56
198 -1072866 56
199 -1072390 56
200 -1071916 57
201 -1071445 57
202 -1070975 57
203 -1070509 57
204 -1070044 57
205 -1069582 57
206 -1069122 57
207 -1068664 58
208 -1068208 58
209 -1067755 58
210 -1067303 58
211 -1066854 58
212 -1066407 58
213 -1065962 58
214 -1065519 59
215 -1065078 59
216 -1064640 59
217 -1064203 59
218 -1063768 59
219 -1063336 59
220 -1062905 59
221 -1062476 59
222 -1062049 60
223 -1061624 60
224 -1061201 60
225 -1060780 60
226 -1060361 60
227 -1059943 60
228 -1059528 60
229 -1059114 61
230 -1058702 61
231 -1058292 61
232 -1057883 61
233 -1057477 61
234 -1057072 61
235 -1056669 61
236 -1056267 61
237 -1055867 62
238 -1055469 62
239 -1055073 62
240 -1054678 62
241 -1054285 62
242 -1053893 62
243 -1053503 62
244 -1053115 62
245 -1052728 63
246 -1052343 63
247 -1051960 63
248 -1051578 63
249 -1051197 63
250 -1050818 63
251 -1050441 63
252 -1050065 64
253 -1049691 64
254 -1049318 64
255 -1048946 64
256 -1048576 64
257 -1048207 64
258 -1047840 64
259 -1047474 64
260 -1047110 64
261 -1046747 65
262 -1046386 65
263 -1046025 65
264 -1045667 65
265 -1045309 65
266 -1044953 65
267 -1044598 65
268 -1044245 65
269 -1043893 66
270 -1043542 66
271 -1043192 66
272 -1042844 66
273 -1042497 66
274 -1042151 66
275 -1041807 66
276 -1041464 66
277 -1041122 67
278 -1040781 67
279 -1040442 67
280 -1040103 67
281 -1039766 67
282 -1039430 67
283 -1039096 67
284 -1038762 67
285 -1038430 68
286 -1038099 68
287 -1037769 68
288 -1037440 68
289 -1037112 68
290 -1036785 68
291 -1036460 68
292 -1036136 68
293 -1035812 68
294 -1035490 69
295 -1035169 69
296 -1034849 69
297 -1034530 69
298 -1034213 69
299 -1033896 69
300 -1033580 69
301 -1033266 69
302 -1032952 69
303 -1032639 70
304 -1032328 70
305 -1032017 70
306 -1031708 70
307 -1031399 70
308 -1031092 70
309 -1030785 70
310 -1030480 70
311 -1030175 71
312 -1029872 71
313 -1029569 71
314 -1029268 71
315 -1028967 71
316 -1028667 71
317 -1028369 71
318 -1028071 71
319 -1027774 71
320 -1027478 72
321 -1027183 72
322 -1026889 72
323 -1026596 72
324 -1026304 72
325 -1026012 72
326 -1025722 72
327 -1025432 72
328 -1025143 72
329 -1024856 73
330 -1024569 73
331 -1024283 73
332 -1023997 73
333 -1023713 73
334 -1023430 73
335 -1023147 73
336 -1022865 73
337 -1022584 73
338 -1022304 74
339 -1022025 74
340 -1021746 74
341 -1021468 74
342 -1021192 74
343 -1020916 74
344 -1020640 74
345 -1020366 74
346 -1020092 74
347 -1019819 74
348 -1019547 75
349 -1019276 75
350 -1019005 75
351 -1018736 75
352 -1018467 75
353 -1018198 75
354 -1017931 75
355 -1017664 75
356 -1017398 75
357 -1017133 76
358 -1016869 76
359 -1016605 76
360 -1016342 76
361 -1016080 76
362 -1015818 76
363 -1015557 76
364 -1015297 76
365 -1015038 76
366 -1014779 77
367 -1014521 77
368 -1014264 77
369 -1014007 77
370 -1013751 77
371 -1013496 77
372 -1013242 77
373 -1012988 77
374 -1012735 77
375 -1012482 77
376 -1012230 78
377 -1011979 78
378 -1011729 78
379 -1011479 78
380 -1011230 78
381 -1010981 78
382 -1010734 78
383 -1010486 78
384 -1010240 78
385 -1009994 78
386 -1009749 79
387 -1009504 79
388 -1009260 79
389 -1009017 79
390 -1008774 79
391 -1008532 79
392 -1008290 79
393 -1008049 79
394 -1007809 79
395 -1007570 79
396 -1007330 80
397 -1007092 80
398 -1006854 80
399 -1006617 80
400 -1006380 80
401 -1006144 80
402 -1005909 80
403 -1005674 80
404 -1005439 80
405 -1005206 81
406 -1004973 81
407 -1004740 81
408 -1004508 81
409 -1004276 81
410 -1004046 81
411 -1003815 81
412 -1003586 81
413 -1003356 81
414 -1003128 81
415 -1002900 81
416 -1002672 82
417 -1002445 82
418 -1002219 82
419 -1001993 82
420 -1001767 82
421 -1001542 82
422 -1001318 82
423 -1001094 82
424 -1000871 82
425 -1000648 82
426 -1000426 83
427 -1000204 83
428 -999983 83
429 -999763 83
430 -999542 83
431 -999323 83
432 -999104 83
433 -998885 83
434 -998667 83
435 -998449 83
436 -998232 84
437 -998016 84
438 -997800 84
439 -997584 84
440 -997369 84
441 -997154 84
442 -996940 84
443 -996726 84
444 -996513 84
445 -996300 84
446 -996088 84
447 -995876 85
448 -995665 85
449 -995454 85
450 -995244 85
451 -995034 85
452 -994825 85
453 -994616 85
454 -994407 85
455 -994199 85
456 -993992 85
457 -993785 86
458 -993578 86
459 -993372 86
460 -993166 86
461 -992961 86
462 -992756 86
463 -992551 86
464 -992347 86
465 -992144 86
466 -991941 86
467 -991738 86
468 -991536 87
469 -991334 87
470 -991133 87
471 -990932 87
472 -990731 87
473 -990531 87
474 -990331 87
475 -990132 87
476 -989933 87
477 -989735 87
478 -989537 87
479 -989339 88
480 -989142 88
481 -988945 88
482 -988749 88
483 -988553 88
484 -988357 88
485 -988162 88
486 -987967 88
487 -987773 88
488 -987579 88
489 -987386 88
490 -987192 89
491 -987000 89
492 -986807 89
493 -986615 89
494 -986424 89
495 -986233 89
496 -986042 89
497 -985851 89
498 -985661 89
499 -985472 89
500 -985282 89
501 -985093 90
502 -984905 90
503 -984717 90
504 -984529 90
505 -984342 90
506 -984155 90
507 -983968 90
508 -983782 90
509 -983596 90
510 -983410 90
511 -983225 90
512 -983040 90
513 -982856 91
514 -982671 91
515 -982488 91
516 -982304 91
517 -982121 91
518 -981938 91
519 -981756 91
520 -981574 91
521 -981392 91
522 -981211 91
523 -981030 91
524 -980850 92
525 -980669 92
526 -980489 92
527 -980310 92
528 -980131 92
529 -979952 92
530 -979773 92
531 -979595 92
532 -979417 92
533 -979239 92
534 -979062 92
535 -978885 93
536 -978709 93
537 -978533 93
538 -978357 93
539 -978181 93
540 -978006 93
541 -977831 93
542 -977656 93
543 -977482 93
544 -977308 93
545 -977134 93
546 -976961 93
547 -976788 94
548 -976615 94
549 -976443 94
550 -976271 94
551 -976099 94
552 -975928 94
553 -975757 94
554 -975586 94
555 -975415 94
556 -975245 94
557 -975075 94
558 -974906 95
559 -974736 95
560 -974567 95
561 -974399 95
562 -974230 95
563 -974062 95
564 -973894 95
565 -973727 95
566 -973560 95
567 -973393 95
568 -973226 95
569 -973060 95
570 -972894 96
571 -972728 96
572 -972563 96
573 -972398 96
574 -972233 96
575 -972068 96
576 -971904 96
577 -971740 96
578 -971576 96
579 -971413 96
580 -971249 96
581 -971087 96
582 -970924 97
583 -970762 97
584 -970600 97
585 -970438 97
586 -970276 97
587 -970115 97
588 -969954 97
589 -969794 97
590 -969633 97
591 -969473 97
592 -969313 97
593 -969154 97
594 -968994 98
595 -968835 98
596 -968677 98
597 -968518 98
598 -968360 98
599 -968202 98
600 -968044 98
601 -967887 98
602 -967730 98
603 -967573 98
604 -967416 98
605 -967259 98
606 -967103 98
607 -966947 99
608 -966792 99
609 -966636 99
610 -966481 99
611 -966326 99
612 -966172 99
613 -966017 99
614 -965863 99
615 -965709 99
616 -965556 99
617 -965403 99
618 -965249 99
619 -965097 100
620 -964944 100
621 -964792 100
622 -964639 100
623 -964488 100
624 -964336 100
625 -964184 100
626 -964033 100
627 -963882 100
628 -963732 100
629 -963581 100
630 -963431 100
631 -963281 100
632 -963131 101
633 -962982 101
634 -962833 101
635 -962684 101
636 -962535 101
637 -962386 101
638 -962238 101
639 -962090 101
640 -961942 101
641 -961795 101
642 -961647 101
643 -961500 101
644 -961353 101
645 -961206 102
646 -961060 102
647 -960914 102
648 -960768 102
649 -960622 102
650 -960476 102
651 -960331 102
652 -960186 102
653 -960041 102
654 -959896 102
655 -959752 102
656 -959607 102
657 -959463 103
658 -959320 103
659 -959176 103
660 -959033 103
661 -958890 103
662 -958747 103
663 -958604 103
664 -958461 103
665 -958319 103
666 -958177 103
667 -958035 103
668 -957894 103
669 -957752 103
670 -957611 104
671 -957470 104
672 -957329 104
673 -957188 104
674 -957048 104
675 -956908 104
676 -956768 104
677 -956628 104
678 -956489 104
679 -956349 104
680 -956210 104
681 -956071 104
682 -955932 104
683 -955794 105
684 -955656 105
685 -955517 105
686 -955380 105
687 -955242 105
688 -955104 105
689 -954967 105
690 -954830 105
691 -954693 105
692 -954556 105
693 -954420 105
694 -954283 105
695 -954147 105
696 -954011 106
697 -953876 106
698 -953740 106
699 -953605 106
700 -953469 106
701 -953334 106
702 -953200 106
703 -953065 106
704 -952931 106
705 -952796 106
706 -952662 106
707 -952529 106
708 -952395 106
709 -952262 107
710 -952128 107
711 -951995 107
712 -951862 107
713 -951730 107
714 -951597 107
715 -951465 107
716 -951333 107
717 -951201 107
718 -951069 107
719 -950937 107
720 -950806 107
721 -950675 107
722 -950544 107
723 -950413 108
724 -950282 108
725 -950152 108
726 -950021 108
727 -949891 108
728 -949761 108
729 -949631 108
730 -949502 108
731 -949372 108
732 -949243 108
733 -949114 108
734 -948985 108
735 -948856 108
736 -948728 109
737 -948599 109
738 -948471 109
739 -948343 109
740 -948215 109
741 -948088 109
742 -947960 109
743 -947833 109
744 -947706 109
745 -947579 109
746 -947452 109
747 -947325 109
748 -947199 109
749 -947072 109
750 -946946 110
751 -946820 110
752 -946694 110
753 -946569 110
754 -946443 110
755 -946318 110
756 -946193 110
757 -946068 110
758 -945943 110
759 -945818 110
760 -945694 110
761 -945570 110
762 -945445 110
763 -945321 110
764 -945198 111
765 -945074 111
766 -944950 111
767 -944827 111
768 -944704 111
769 -944581 111
770 -944458 111
771 -944335 111
772 -944213 111
773 -944090 111
774 -943968 111
775 -943846 111
776 -943724 111
777 -943602 112
778 -943481 112
779 -943359 112
780 -943238 112
781 -943117 112
782 -942996 112
783 -942875 112
784 -942754 112
785 -942634 112
786 -942513 112
787 -942393 112
788 -942273 112
789 -942153 112
790 -942034 112
791 -941914 112
792 -941794 113
793 -941675 113
794 -941556 113
795 -941437 113
796 -941318 113
797 -941199 113
798 -941081 113
799 -940963 113
800 -940844 113
801 -940726 113
802 -940608 113
803 -940490 113
804 -940373 113
805 -940255 113
806 -940138 114
807 -940021 114
808 -939903 114
809 -939787 114
810 -939670 114
811 -939553 114
812 -939437 114
813 -939320 114
814 -939204 114
815 -939088 114
816 -938972 114
817 -938856 114
818 -938740 114
819 -938625 114
820 -938510 115
821 -938394 115
822 -938279 115
823 -938164 115
824 -938050 115
825 -937935 115
826 -937820 115
827 -937706 115
828 -937592 115
829 -937478 115
830 -937364 115
831 -937250 115
832 -937136 115
833 -937022 115
834 -936909 116
835 -936796 116
836 -936683 116
837 -936569 116
838 -936457 116
839 -936344 116
840 -936231 116
841 -936119 116
842 -936006 116
843 -935894 116
844 -935782 116
845 -935670 116
846 -935558 116
847 -935447 116
848 -935335 116
849 -935224 117
850 -935112 117
851 -935001 117
852 -934890 117
853 -934779 117
854 -934668 117
855 -934558 117
856 -934447 117
857 -934337 117
858 -934227 117
859 -934116 117
860 -934006 117
861 -933897 117
862 -933787 117
863 -933677 117
864 -933568 118
865 -933458 118
866 -933349 118
867 -933240 118
868 -933131 118
869 -933022 118
870 -932913 118
871 -932805 118
872 -932696 118
873 -932588 118
874 -932480 118
875 -932372 118
876 -932264 118
877 -932156 118
878 -932048 119
879 -931940 119
880 -931833 119
881 -931725 119
882 -931618 119
883 -931511 119
884 -931404 119
885 -931297 119
886 -931190 119
887 -931084 119
888 -930977 119
889 -930871 119
890 -930764 119
891 -930658 119
892 -930552 119
893 -930446 120
894 -930340 120
895 -930235 120
896 -930129 120
897 -930024 120
898 -929918 120
899 -929813 120
900 -929708 120
901 -929603 120
902 -929498 120
903 -929393 120
904 -929289 120
905 -929184 120
906 -929080 120
907 -928976 120
908 -928871 121
909 -928767 121
910 -928663 121
911 -928559 121
912 -928456 121
913 -928352 121
914 -928249 121
915 -928145 121
916 -928042 121
917 -927939 121
918 -927836 121
919 -927733 121
920 -927630 121
921 -927527 121
922 -927425 121
923 -927322 122
924 -927220 122
925 -927118 122
926 -927015 122
927 -926913 122
928 -926811 122
929 -926710 122
930 -926608 122
931 -926506 122
932 -926405 122
933 -926303 122
934 -926202 122
935 -926101 122
936 -926000 122
937 -925899 122
938 -925798 122
939 -925697 123
940 -925597 123
941 -925496 123
942 -925396 123
943 -925295 123
944 -925195 123
945 -925095 123
946 -924995 123
947 -924895 123
948 -924795 123
949 -924696 123
950 -924596 123
951 -924497 123
952 -924397 123
953 -924298 123
954 -924199 124
955 -924100 124
956 -924001 124
957 -923902 124
958 -923803 124
959 -923705 124
960 -923606 124
961 -923508 124
962 -923409 124
963 -923311 124
964 -923213 124
965 -923115 124
966 -923017 124
967 -922919 124
968 -922821 124
969 -922724 125
970 -922626 125
971 -922529 125
972 -922431 125
973 -922334 125
974 -922237 125
975 -922140 125
976 -922043 125
977 -921946 125
978 -921850 125
979 -921753 125
980 -921656 125
981 -921560 125
982 -921464 125
983 -921368 125
984 -921271 125
985 -921175 126
986 -921079 126
987 -920984 126
988 -920888 126
989 -920792 126
990 -920697 126
991 -920601 126
992 -920506 126
993 -920411 126
994 -920315 126
995 -920220 126
996 -920125 126
997 -920030 126
998 -919936 126
999 -919841 126
1000 -919746 126
1001 -919652 127
1002 -919557 127
1003 -919463 127
1004 -919369 127
1005 -919275 127
1006 -919181 127
1007 -919087 127
1008 -918993 127
1009 -918899 127
1010 -918806 127
1011 -918712 127
1012 -918619 127
1013 -918525 127
1014 -918432 127
1015 -918339 127
1016 -918246 127
1017 -918153 128
1018 -918060 128
1019 -917967 128
1020 -917874 128
1021 -917781 128
1022 -917689 128
1023 -917596 128
1024 -917504 128
1025 -917412 128
1026 -917320 128
1027 -917227 128
1028 -917135 128
1029 -917043 128
1030 -916952 128
1031 -916860 128
1032 -916768 129
1033 -916677 129
1034 -916585 129
1035 -916494 129
1036 -916402 129
1037 -916311 129
1038 -916220 129
1039 -916129 129
1040 -916038 129
1041 -915947 129
1042 -915856 129
1043 -915766 129
1044 -915675 129
1045 -915585 129
1046 -915494 129
1047 -915404 129
1048 -915314 129
1049 -915223 129
1050 -915133 130
1051 -915043 130
1052 -914953 130
1053 -914864 130
1054 -914774 130
1055 -914684 130
1056 -914595 130
1057 -914505 130
1058 -914416 130
1059 -914326 130
1060 -914237 130
1061 -914148 130
1062 -914059 130
1063 -913970 130
1064 -913881 130
1065 -913792 131
1066 -913703 131
1067 -913615 131
1068 -913526 131
1069 -913438 131
1070 -913349 131
1071 -913261 131
1072 -913173 131
1073 -913085 131
1074 -912997 131
1075 -912909 131
1076 -912821 131
1077 -912733 131
1078 -912645 131
1079 -912557 131
1080 -912470 132
1081 -912382 132
1082 -912295 132
1083 -912208 132
1084 -912120 132
1085 -912033 132
1086 -911946 132
1087 -911859 132
1088 -911772 132
1089 -911685 132
1090 -911598 132
1091 -911512 132
1092 -911425 132
1093 -911339 132
1094 -911252 132
1095 -911166 132
1096 -911079 132
1097 -910993 132
1098 -910907 133
1099 -910821 133
1100 -910735 133
1101 -910649 133
1102 -910563 133
1103 -910477 133
1104 -910392 133
1105 -910306 133
1106 -910221 133
1107 -910135 133
1108 -910050 133
1109 -909964 133
1110 -909879 133
1111 -909794 133
1112 -909709 133
1113 -909624 134
1114 -909539 134
1115 -909454 134
1116 -909370 134
1117 -909285 134
1118 -909200 134
1119 -909116 134
1120 -909031 134
1121 -908947 134
1122 -908863 134
1123 -908778 134
1124 -908694 134
1125 -908610 134
1126 -908526 134
1127 -908442 134
1128 -908358 134
1129 -908275 134
1130 -908191 134
1131 -908107 135
1132 -908024 135
1133 -907940 135
1134 -907857 135
1135 -907773 135
1136 -907690 135
1137 -907607 135
1138 -907524 135
1139 -907441 135
1140 -907358 135
1141 -907275 135
1142 -907192 135
1143 -907109 135
1144 -907027 135
1145 -906944 135
1146 -906862 135
1147 -906779 135
1148 -906697 135
1149 -906614 136
1150 -906532 136
1151 -906450 136
1152 -906368 136
1153 -906286 136
1154 -906204 136
1155 -906122 136
1156 -906040 136
1157 -905958 136
1158 -905877 136
1159 -905795 136
1160 -905713 136
1161 -905632 136
1162 -905551 136
1163 -905469 136
1164 -905388 137
1165 -905307 137
1166 -905226 137
1167 -905145 137
1168 -905064 137
1169 -904983 137
1170 -904902 137
1171 -904821 137
1172 -904740 137
1173 -904660 137
1174 -904579 137
1175 -904499 137
1176 -904418 137
1177 -904338 137
1178 -904258 137
1179 -904177 137
1180 -904097 137
1181 -904017 137
1182 -903937 138
1183 -903857 138
1184 -903777 138
1185 -903697 138
1186 -903618 138
1187 -903538 138
1188 -903458 138
1189 -903379 138
1190 -903299 138
1191 -903220 138
1192 -903141 138
1193 -903061 138
1194 -902982 138
1195 -902903 138
1196 -902824 138
1197 -902745 138
1198 -902666 138
1199 -902587 138
1200 -902508 139
1201 -902429 139
1202 -902351 139
1203 -902272 139
1204 -902194 139
1205 -902115 139
1206 -902037 139
1207 -901958 139
1208 -901880 139
1209 -901802 139
1210 -901723 139
1211 -901645 139
1212 -901567 139
1213 -901489 139
1214 -901411 139
1215 -901334 139
1216 -901256 139
1217 -901178 139
1218 -901100 140
1219 -901023 140
1220 -900945 140
1221 -900868 140
1222 -900790 140
1223 -900713 140
1224 -900636 140
1225 -900559 140
1226 -900481 140
1227 -900404 140
1228 -900327 140
1229 -900250 140
1230 -900173 140
1231 -900097 140
1232 -900020 140
1233 -899943 141
1234 -899867 141
1235 -899790 141
1236 -899713 141
1237 -899637 141
1238 -899561 141
1239 -899484 141
1240 -899408 141
1241 -899332 141
1242 -899256 141
1243 -899179 141
1244 -899103 141
1245 -899027 141
1246 -898952 141
1247 -898876 141
1248 -898800 141
1249 -898724 141
1250 -898648 141
1251 -898573 142
1252 -898497 142
1253 -898422 142
1254 -898346 142
1255 -898271 142
1256 -898196 142
1257 -898120 142
1258 -898045 142
1259 -897970 142
1260 -897895 142
1261 -897820 142
1262 -897745 142
1263 -897670 142
1264 -897595 142
1265 -897521 142
1266 -897446 142
1267 -897371 142
1268 -897297 142
1269 -897222 143
1270 -897148 143
1271 -897073 143
1272 -896999 143
1273 -896925 143
1274 -896850 143
1275 -896776 143
1276 -896702 143
1277 -896628 143
1278 -896554 143
1279 -896480 143
1280 -896406 143
1281 -896332 143
1282 -896259 143
1283 -896185 143
1284 -896111 143
1285 -896038 143
1286 -895964 143
1287 -895890 144
1288 -895817 144
1289 -895744 144
1290 -895670 144
1291 -895597 144
1292 -895524 144
1293 -895451 144
1294 -895378 144
1295 -895305 144
1296 -895232 144
1297 -895159 144
1298 -895086 144
1299 -895013 144
1300 -894940 144
1301 -894868 144
1302 -894795 144
1303 -894722 144
1304 -894650 144
1305 -894577 145
1306 -894505 145
1307 -894432 145
1308 -894360 145
1309 -894288 145
1310 -894216 145
1311 -894144 145
1312 -894071 145
1313 -893999 145
1314 -893927 145
1315 -893856 145
1316 -893784 145
1317 -893712 145
1318 -893640 145
1319 -893568 145
1320 -893497 145
1321 -893425 145
1322 -893354 145
1323 -893282 146
1324 -893211 146
1325 -893139 146
1326 -893068 146
1327 -892997 146
1328 -892925 146
1329 -892854 146
1330 -892783 146
1331 -892712 146
1332 -892641 146
1333 -892570 146
1334 -892499 146
1335 -892428 146
1336 -892358 146
1337 -892287 146
1338 -892216 146
1339 -892145 146
1340 -892075 146
1341 -892004 147
1342 -891934 147
1343 -891863 147
1344 -891793 147
1345 -891723 147
1346 -891652 147
1347 -891582 147
1348 -891512 147
1349 -891442 147
1350 -891372 147
1351 -891302 147
1352 -891232 147
1353 -891162 147
1354 -891092 147
1355 -891022 147
1356 -890953 147
1357 -890883 147
1358 -890813 147
1359 -890744 148
1360 -890674 148
1361 -890605 148
1362 -890535 148
1363 -890466 148
1364 -890396 148
1365 -890327 148
1366 -890258 148
1367 -890189 148
1368 -890120 148
1369 -890051 148
1370 -889981 148
1371 -889913 148
1372 -889844 148
1373 -889775 148
1374 -889706 148
1375 -889637 148
1376 -889568 148
1377 -889500 148
1378 -889431 148
1379 -889362 148
1380 -889294 149
1381 -889225 149
1382 -889157 149
1383 -889089 149
1384 -889020 149
1385 -888952 149
1386 -888884 149
1387 -888815 149
1388 -888747 149
1389 -888679 149
1390 -888611 149
1391 -888543 149
1392 -888475 149
1393 -888407 149
1394 -888340 149
1395 -888272 149
1396 -888204 149
1397 -888136 149
1398 -888069 150
1399 -888001 150
1400 -887933 150
1401 -887866 150
1402 -887798 150
1403 -887731 150
1404 -887664 150
1405 -887596 150
1406 -887529 150
1407 -887462 150
1408 -887395 150
1409 -887328 150
1410 -887260 150
1411 -887193 150
1412 -887126 150
1413 -887060 150
1414 -886993 150
1415 -886926 150
1416 -886859 151
1417 -886792 151
1418 -886726 151
1419 -886659 151
1420 -886592 151
1421 -886526 151
1422 -886459 151
1423 -886393 151
1424 -886326 151
1425 -886260 151
1426 -886194 151
1427 -886127 151
1428 -886061 151
1429 -885995 151
1430 -885929 151
1431 -885863 151
1432 -885797 151
1433 -885731 151
1434 -885665 152
1435 -885599 152
1436 -885533 152
1437 -885467 152
1438 -885401 152
1439 -885336 152
1440 -885270 152
1441 -885204 152
1442 -885139 152
1443 -885073 152
1444 -885008 152
1445 -884942 152
1446 -884877 152
1447 -884811 152
1448 -884746 152
1449 -884681 152
1450 -884616 152
1451 -884550 152
1452 -884485 152
1453 -884420 152
1454 -884355 152
1455 -884290 153
1456 -884225 153
1457 -884160 153
1458 -884095 153
1459 -884031 153
1460 -883966 153
1461 -883901 153
1462 -883836 153
1463 -883772 153
1464 -883707 153
1465 -883643 153
1466 -883578 153
1467 -883514 153
1468 -883449 153
1469 -883385 153
1470 -883320 153
1471 -883256 153
1472 -883192 153
1473 -883128 154
1474 -883063 154
1475 -882999 154
1476 -882935 154
1477 -882871 154
1478 -882807 154
1479 -882743 154
1480 -882679 154
1481 -882616 154
1482 -882552 154
1483 -882488 154
1484 -882424 154
1485 -882361 154
1486 -882297 154
1487 -882233 154
1488 -882170 154
1489 -882106 154
1490 -882043 154
1491 -881979 155
1492 -881916 155
1493 -881853 155
1494 -881789 155
1495 -881726 155
1496 -881663 155
1497 -881600 155
1498 -881536 155
1499 -881473 155
1500 -881410 155
1501 -881347 155
1502 -881284 155
1503 -881221 155
1504 -881158 155
1505 -881096 155
1506 -881033 155
1507 -880970 155
1508 -880907 155
1509 -880845 155
1510 -880782 155
1511 -880719 155
1512 -880657 156
1513 -880594 156
1514 -880532 156
1515 -880469 156
1516 -880407 156
1517 -880345 156
1518 -880282 156
1519 -880220 156
1520 -880158 156
1521 -880096 156
1522 -880034 156
1523 -879972 156
1524 -879909 156
1525 -879847 156
1526 -879785 156
1527 -879724 156
1528 -879662 156
1529 -879600 156
1530 -879538 157
1531 -879476 157
1532 -879414 157
1533 -879353 157
1534 -879291 157
1535 -879229 157
1536 -879168 157
1537 -879106 157
1538 -879045 157
1539 -878983 157
1540 -878922 157
1541 -878861 157
1542 -878799 157
1543 -878738 157
1544 -878677 157
1545 -878616 157
1546 -878554 157
1547 -878493 157
1548 -878432 157
1549 -878371 157
1550 -878310 157
1551 -878249 158
1552 -878188 158
1553 -878127 158
1554 -878066 158
1555 -878006 158
1556 -877945 158
1557 -877884 158
1558 -877823 158
1559 -877763 158
1560 -877702 158
1561 -877641 158
1562 -877581 158
1563 -877520 158
1564 -877460 158
1565 -877399 158
1566 -877339 158
1567 -877279 158
1568 -877218 158
1569 -877158 158
1570 -877098 158
1571 -877038 158
1572 -876977 159
1573 -876917 159
1574 -876857 159
1575 -876797 159
1576 -876737 159
1577 -876677 159
1578 -876617 159
1579 -876557 159
1580 -876498 159
1581 -876438 159
1582 -876378 159
1583 -876318 159
1584 -876258 159
1585 -876199 159
1586 -876139 159
1587 -876080 159
1588 -876020 159
1589 -875961 159
1590 -875901 160
1591 -875842 160
1592 -875782 160
1593 -875723 160
1594 -875663 160
1595 -875604 160
1596 -875545 160
1597 -875486 160
1598 -875427 160
1599 -875367 160
1600 -875308 160
1601 -875249 160
1602 -875190 160
1603 -875131 160
1604 -875072 160
1605 -875013 160
1606 -874954 160
1607 -874895 160
1608 -874837 160
1609 -874778 160
1610 -874719 160
1611 -874660 161
1612 -874602 161
1613 -874543 161
1614 -874485 161
1615 -874426 161
1616 -874367 161
1617 -874309 161
1618 -874251 161
1619 -874192 161
1620 -874134 161
1621 -874075 161
1622 -874017 161
1623 -873959 161
1624 -873901 161
1625 -873842 161
1626 -873784 161
1627 -873726 161
1628 -873668 161
1629 -873610 161
1630 -873552 161
1631 -873494 161
1632 -873436 162
1633 -873378 162
1634 -873320 162
1635 -873262 162
1636 -873204 162
1637 -873147 162
1638 -873089 162
1639 -873031 162
1640 -872974 162
1641 -872916 162
1642 -872858 162
1643 -872801 162
1644 -872743 162
1645 -872686 162
1646 -872628 162
1647 -872571 162
1648 -872514 162
1649 -872456 162
1650 -872399 163
1651 -872342 163
1652 -872284 163
1653 -872227 163
1654 -872170 163
1655 -872113 163
1656 -872056 163
1657 -871999 163
1658 -871942 163
1659 -871885 163
1660 -871828 163
1661 -871771 163
1662 -871714 163
1663 -871657 163
1664 -871600 163
1665 -871543 163
1666 -871486 163
1667 -871430 163
1668 -871373 163
1669 -871316 163
1670 -871260 163
1671 -871203 164
1672 -871147 164
1673 -871090 164
1674 -871033 164
1675 -870977 164
1676 -870921 164
1677 -870864 164
1678 -870808 164
1679 -870752 164
1680 -870695 164
1681 -870639 164
1682 -870583 164
1683 -870527 164
1684 -870470 164
1685 -870414 164
1686 -870358 164
1687 -870302 164
1688 -870246 164
1689 -870190 164
1690 -870134 164
1691 -870078 164
1692 -870022 165
1693 -869966 165
1694 -869911 165
1695 -869855 165
1696 -869799 165
1697 -869743 165
1698 -869688 165
1699 -869632 165
1700 -869576 165
1701 -869521 165
1702 -869465 165
1703 -869410 165
1704 -869354 165
1705 -869299 165
1706 -869243 165
1707 -869188 165
1708 -869132 165
1709 -869077 165
1710 -869022 165
1711 -868966 165
1712 -868911 165
1713 -868856 166
1714 -868801 166
1715 -868746 166
1716 -868691 166
1717 -868635 166
1718 -868580 166
1719 -868525 166
1720 -868470 166
1721 -868415 166
1722 -868361 166
1723 -868306 166
1724 -868251 166
1725 -868196 166
1726 -868141 166
1727 -868086 166
1728 -868032 166
1729 -867977 166
1730 -867922 166
1731 -867868 166
1732 -867813 166
1733 -867759 166
1734 -867704 167
1735 -867649 167
1736 -867595 167
1737 -867541 167
1738 -867486 167
1739 -867432 167
1740 -867377 167
1741 -867323 167
1742 -867269 167
1743 -867215 167
1744 -867160 167
1745 -867106 167
1746 -867052 167
1747 -866998 167
1748 -866944 167
1749 -866890 167
1750 -866836 167
1751 -866782 167
1752 -866728 167
1753 -866674 167
1754 -866620 167
1755 -866566 168
1756 -866512 168
1757 -866458 168
1758 -866404 168
1759 -866351 168
1760 -866297 168
1761 -866243 168
1762 -866189 168
1763 -866136 168
1764 -866082 168
1765 -866029 168
1766 -865975 168
1767 -865922 168
1768 -865868 168
1769 -865815 168
1770 -865761 168
1771 -865708 168
1772 -865654 168
1773 -865601 168
1774 -865548 168
1775 -865494 168
1776 -865441 169
1777 -865388 169
1778 -865335 169
1779 -865282 169
1780 -865228 169
1781 -865175 169
1782 -865122 169
1783 -865069 169
1784 -865016 169
1785 -864963 169
1786 -864910 169
1787 -864857 169
1788 -864804 169
1789 -864752 169
1790 -864699 169
1791 -864646 169
1792 -864593 169
1793 -864540 169
1794 -864488 169
1795 -864435 169
1796 -864382 169
1797 -864330 170
1798 -864277 170
1799 -864225 170
1800 -864172 170
1801 -864120 170
1802 -864067 170
1803 -864015 170
1804 -863962 170
1805 -863910 170
1806 -863857 170
1807 -863805 170
1808 -863753 170
1809 -863700 170
1810 -863648 170
1811 -863596 170
1812 -863544 170
1813 -863492 170
1814 -863440 170
1815 -863387 170
1816 -863335 170
1817 -863283 170
1818 -863231 171
1819 -863179 171
1820 -863127 171
1821 -863075 171
1822 -863023 171
1823 -862972 171
1824 -862920 171
1825 -862868 171
1826 -862816 171
1827 -862764 171
1828 -862713 171
1829 -862661 171
1830 -862609 171
1831 -862558 171
1832 -862506 171
1833 -862454 171
1834 -862403 171
1835 -862351 171
1836 -862300 171
1837 -862248 171
1838 -862197 171
1839 -862145 172
1840 -862094 172
1841 -862043 172
1842 -861991 172
1843 -861940 172
1844 -861889 172
1845 -861837 172
1846 -861786 172
1847 -861735 172
1848 -861684 172
1849 -861633 172
1850 -861582 172
1851 -861530 172
1852 -861479 172
1853 -861428 172
1854 -861377 172
1855 -861326 172
1856 -861275 172
1857 -861224 172
1858 -861174 172
1859 -861123 172
1860 -861072 173
1861 -861021 173
1862 -860970 173
1863 -860919 173
1864 -860869 173
1865 -860818 173
1866 -860767 173
1867 -860717 173
1868 -860666 173
1869 -860615 173
1870 -860565 173
1871 -860514 173
1872 -860464 173
1873 -860413 173
1874 -860363 173
1875 -860312 173
1876 -860262 173
1877 -860212 173
1878 -860161 173
1879 -860111 173
1880 -860061 173
1881 -860010 174
1882 -859960 174
1883 -859910 174
1884 -859860 174
1885 -859809 174
1886 -859759 174
1887 -859709 174
1888 -859659 174
1889 -859609 174
1890 -859559 174
1891 -859509 174
1892 -859459 174
1893 -859409 174
1894 -859359 174
1895 -859309 174
1896 -859259 174
1897 -859209 174
1898 -859160 174
1899 -859110 174
1900 -859060 174
1901 -859010 174
1902 -858961 174
1903 -858911 174
1904 -858861 174
1905 -858812 175
1906 -858762 175
1907 -858712 175
1908 -858663 175
1909 -858613 175
1910 -858564 175
1911 -858514 175
1912 -858465 175
1913 -858415 175
1914 -858366 175
1915 -858317 175
1916 -858267 175
1917 -858218 175
1918 -858169 175
1919 -858119 175
1920 -858070 175
1921 -858021 175
1922 -857972 175
1923 -857922 175
1924 -857873 175
1925 -857824 175
1926 -857775 176
1927 -857726 176
1928 -857677 176
1929 -857628 176
1930 -857579 176
1931 -857530 176
1932 -857481 176
1933 -857432 176
1934 -857383 176
1935 -857334 176
1936 -857285 176
1937 -857237 176
1938 -857188 176
1939 -857139 176
1940 -857090 176
1941 -857042 176
1942 -856993 176
1943 -856944 176
1944 -856895 176
1945 -856847 176
1946 -856798 176
1947 -856750 177
1948 -856701 177
1949 -856653 177
1950 -856604 177
1951 -856556 177
1952 -856507 177
1953 -856459 177
1954 -856410 177
1955 -856362 177
1956 -856314 177
1957 -856265 177
1958 -856217 177
1959 -856169 177
1960 -856120 177
1961 -856072 177
1962 -856024 177
1963 -855976 177
1964 -855928 177
1965 -855880 177
1966 -855832 177
1967 -855783 177
1968 -855735 177
1969 -855687 177
1970 -855639 177
1971 -855591 178
1972 -855543 178
1973 -855495 178
1974 -855448 178
1975 -855400 178
1976 -855352 178
1977 -855304 178
1978 -855256 178
1979 -855208 178
1980 -855161 178
1981 -855113 178
1982 -855065 178
1983 -855017 178
1984 -854970 178
1985 -854922 178
1986 -854875 178
1987 -854827 178
1988 -854779 178
1989 -854732 178
1990 -854684 178
1991 -854637 178
1992 -854589 179
1993 -854542 179
1994 -854494 179
1995 -854447 179
1996 -854400 179
1997 -854352 179
1998 -854305 179
1999 -854258 179
2000 -854210 179
2066 -851141 182
2161 -846846 186
2261 -842571 190
2366 -838321 195
2475 -834025 199
2589 -829769 204
2709 -825486 208
2834 -821256 213
2965 -816952 218
3102 -812713 223
3245 -808423 228
3395 -804152 233
3552 -799905 238
3716 -795638 244
3888 -791359 249
4068 -787081 255
4256 -782809 261
4452 -778552 267
4658 -774235 273
4873 -770028 279
5098 -765704 286
5334 -761427 292
5580 -757200 299
5838 -752894 306
6108 -748652 313
6390 -744355 320
6685 -740131 327
6994 -735818 335
7317 -731589 342
7655 -727294 350
8009 -723044 358
8379 -718796 366
8766 -714471 374
9171 -710254 383
9595 -705979 392
10038 -701663 401
10502 -697391 410
10987 -693167 419
11495 -688859 429
12026 -684613 439
12582 -680309 449
13163 -676078 459
13771 -671807 469
14408 -667512 480
15073 -663252 491
15770 -658983 502
16498 -654716 514
17261 -650413 525
18058 -646131 538
18892 -641873 550
19765 -637646 562
20678 -633380 575
21634 -629088 588
22633 -624782 602
23679 -620535 616
24773 -616288 630
25918 -611990 644
27115 -607711 659
28368 -603457 674
29679 -599182 689
31050 -594898 705
32485 -590659 721
33985 -586379 738
35556 -582114 754
37199 -577871 772
38917 -573576 789
40715 -569319 807
42596 -565032 826
44565 -560727 844
46624 -556480 864
48778 -552229 883
51031 -547924 904
53389 -543693 924
55856 -539372 945
58437 -535136 967
61137 -530834 989
63961 -526578 1012
66917 -522278 1034
70008 -518036 1058
73243 -513811 1082
76627 -509529 1108
80167 -505206 1132
83871 -501000 1158
87746 -496697 1185
91801 -492449 1212
96042 -488131 1240
100479 -483882 1268
105122 -479585 1297
109979 -475364 1326
115060 -471061 1357
120376 -466794 1388
125938 -462519 1420
131757 -458291 1452
137844 -453981 1486
144213 -449690 1519
150876 -445425 1553
157847 -441191 1589
165140 -436918 1626
172770 -432620 1663
180753 -428374 1701
189104 -424119 1740
197841 -419802 1779
206982 -415557 1820
216546 -411270 1862
226551 -407009 1904
237018 -402727 1947
247969 -398485 1992
259426 -394190 2038
271412 -389949 2084
283952 -385676 2130
297072 -381425 2179
310797 -377123 2229
325157 -372860 2281
340180 -368566 2334
355898 -364323 2386
372341 -360067 2440
389544 -355746 2497
407543 -351494 2553
426372 -347198 2612
446072 -342981 2670
466682 -338684 2732
488244 -334424 2794
510802 -330159 2859
534403 -325851 2925
559094 -321601 2992
584926 -317368 3059
611951 -313079 3128
640225 -308824 3200
669806 -304536 3274
700753 -300227 3348
733130 -295973 3425
767003 -291712 3503
802441 -287455 3584
839516 -283150 3665
878304 -278922 3748
918884 -274611 3834
961340 -270337 3921
1005756 -266104 4011
1052226 -261775 4102
1100842 -257549 4197
1151704 -253250 4295
1204916 -248978 4391
1260587 -244737 4491
1318830 -240457 4594
1379764 -236222 4700
1443513 -231900 4808
1510208 -227639 4914
1579984 -223378 5028
1652984 -219125 5144
1729357 -214830 5262
1809259 -210562 5382
1892852 -206324 5504
1980308 -202023 5628
2071804 -197769 5757
2167528 -193520 5888
2267674 -189239 6024
2372448 -184981 6161
2482062 -180671 6303
2596741 -176401 6446
2716718 -172101 6593
2842239 -167851 6744
2973559 -163589 6899
3110947 -159324 7054
3254682 -155065 7216
3405058 -150761 7381
3562383 -146536 7549
3726976 -142231 7723
3899173 -137965 7899
4079327 -133693 8080
4267804 -129424 8264
4464990 -125166 8452
4671286 -120926 8648
4887114 -116629 8839
5112914 -112368 9048
5349146 -108073 9252
5596293 -103826 9462
5854859 -99563 9678
6125371 -95294 9899
6408382 -90967 10124
6704469 -86715 10355
7014236 -82479 10589
7338316 -78161 10837
7677368 -73931 11079
8032086 -69640 11334
8403193 -65352 11600
8791447 -61117 11859
9197638 -56810 12130
9622598 -52531 12410
10067191 -48282 12692
10532326 -43996 12983
11018952 -39755 13275
11528061 -35494 13583
12060693 -31224 13890
12617934 -26954 14212
13200922 -22692 14534
13810845 -18390 14868
14448948 -14114 15208
15116534 -9869 15553
15814964 -5562 15909
16545664 -1302 16270
17310124 2999 16646
18109905 7198 17020
18946639 11464 17408
19822031 15781 17810
20737870 20058 18225
21696023 24293 18630
22698446 28552 19048
23747184 32823 19496
24844377 37097 19935
25992263 41365 20384
27193186 45676 20860
28449594 49909 21327
29764053 54221 21819
31139243 58494 22318
32577972 62725 22823
34083174 67002 23351
35657922 71268 23884
37305427 75516 24437
39029052 79820 24994
40832314 84088 25554
42718892 88390 26147
44692636 92644 26742
46757573 96913 27352
48917917 101187 27978
51178075 105459 28617
53542659 109720 29269
56016494 113963 29933
58604628 118236 30622
61312341 122526 31320
64145160 126823 32040
67108863 131026 32756
