0 29 -34834 0
1 25 -29102 0
4 29 -33762 0
4 64 -54528 0
8 30 -39307 0
12 40 -53457 0
16 38 -47099 0
19 39 -49459 0
21 66 -57668 0
22 47 -50939 0
28 94 -49167 0
31 1 -25293 0
34 0 -24475 0
34 5 -25813 0
38 3 -32273 0
39 6 -36741 0
39 9 -41050 0
40 55 -46053 0
42 10 -39322 0
44 57 -45037 0
45 94 -44551 0
47 59 -45120 0
49 13 -43225 0
51 59 -40501 0
54 17 -33320 0
54 20 -34141 0
58 20 -30348 0
59 41 -37595 0
59 44 -34310 0
59 70 -48819 0
61 16 -33844 0
61 24 -38109 0
65 66 -46755 0
67 24 -32851 0
68 27 -38235 0
69 70 -52999 0
71 28 -38932 0
71 66 -39052 0
72 74 -43650 0
73 31 -30104 0
75 74 -39178 0
76 69 -31973 0
76 79 -44050 0
80 73 -40473 0
81 32 -29504 0
83 80 -43602 0
90 36 -35233 0
92 43 -14025 0
93 29 -41592 0
93 83 -39036 0
93 87 -40585 0
95 26 -44964 0
